36.56,36.46,,0.00,29.05,30.36,29.69,31.98,30.89,34.27,29.16
36.31,36.23,,0.00,29.05,30.36,29.66,31.68,30.46,34.17,29.16
36.06,35.99,,0.00,29.04,30.37,29.62,31.59,30.31,34.07,29.15
35.86,35.75,29.80,29.03,30.39,29.59,31.37,30.12,33.98,29.14
35.71,35.52,29.79,29.03,30.40,29.56,31.24,29.99,33.88,29.14
35.56,35.28,29.79,29.02,30.43,29.53,31.15,29.90,33.78,29.13
35.41,35.04,29.78,29.01,30.45,29.50,31.11,29.84,33.68,29.13
35.27,34.82,29.77,29.01,30.49,29.48,31.08,29.80,33.59,29.13
35.12,34.70,29.77,29.01,30.54,29.45,31.08,29.77,33.49,29.12
34.97,34.58,29.76,29.01,30.59,29.43,31.09,29.75,33.39,29.12
34.82,34.46,29.75,29.00,30.65,29.40,31.13,29.74,33.29,29.12
34.67,34.34,29.75,29.00,30.70,29.38,31.18,29.74,33.20,29.12
34.52,34.22,29.74,29.00,30.75,29.36,31.26,29.75,33.10,29.12
34.37,34.10,29.73,28.99,30.80,29.34,31.22,29.74,33.00,29.11
34.22,33.98,29.73,28.99,30.84,29.32,31.16,29.69,32.90,29.11
34.08,33.86,29.72,28.99,30.88,29.31,31.12,29.66,32.81,29.11
33.93,33.74,29.71,28.98,30.90,29.29,31.10,29.64,32.71,29.11
33.78,33.62,29.71,28.98,30.92,29.28,31.11,29.63,32.61,29.12
33.63,33.50,29.70,28.98,30.93,29.27,31.11,29.62,32.51,29.12
33.48,33.38,29.69,28.97,30.95,29.25,31.12,29.61,32.42,29.12
33.33,33.26,29.68,28.97,30.95,29.24,31.12,29.59,32.32,29.13
33.21,33.14,29.68,28.98,30.95,29.23,31.12,29.59,32.27,,0.00
33.13,33.02,29.67,28.98,30.96,29.23,31.12,29.58,32.21,,0.00
33.05,32.90,29.67,28.98,30.96,29.22,31.12,29.57,32.16,,0.00
32.97,32.78,29.66,28.98,30.96,29.21,31.12,29.56,32.10,,0.00
32.89,32.66,29.66,28.98,30.96,29.20,31.12,29.55,32.05,,0.00
32.81,32.54,29.65,28.98,30.96,29.20,31.12,29.55,31.99,,0.00
32.73,32.42,29.65,28.98,30.96,29.19,31.12,29.54,31.94,,0.00
32.64,32.30,29.64,28.98,30.96,29.18,31.12,29.53,31.88,,0.00
32.56,32.18,29.64,28.98,30.96,29.18,31.12,29.53,31.83,,0.00
32.48,32.06,29.63,28.98,30.96,29.17,31.12,29.52,31.77,,0.00
32.40,31.94,29.63,28.98,30.96,29.17,31.12,29.52,31.72,,0.00
32.32,31.89,29.63,28.99,30.96,29.17,31.12,29.51,31.66,,0.00
32.24,31.83,29.62,29.00,30.96,29.16,31.12,29.51,31.61,,0.00
32.16,31.78,29.62,29.01,30.96,29.16,31.12,29.51,31.55,,0.00
32.08,31.72,29.61,29.01,30.96,29.15,31.11,29.50,31.50,,0.00
32.00,31.67,29.61,29.02,30.96,29.15,31.11,29.50,31.44,,0.00
31.92,31.62,29.60,29.03,30.96,29.15,31.11,29.49,31.39,,0.00
31.83,31.56,29.60,29.04,30.96,29.15,31.11,29.49,31.33,,0.00
31.75,31.51,29.60,29.04,30.96,29.14,31.11,29.49,31.28,,0.00
31.71,31.46,29.60,29.05,30.96,29.14,31.11,29.48,31.22,,0.00
31.67,31.40,29.59,29.06,30.96,29.14,31.11,29.48,31.20,,0.00
31.63,31.35,29.59,29.07,30.96,29.14,31.10,29.48,31.17,,0.00
31.59,31.30,29.59,29.07,30.96,29.14,31.10,29.47,31.14,,0.00
31.55,31.25,29.59,29.08,30.96,29.14,31.10,29.47,31.12,,0.00
31.51,31.19,29.59,29.09,30.96,29.13,31.10,29.47,31.09,,0.00
31.47,31.14,29.58,29.11,30.96,29.13,31.09,29.46,31.06,,0.00
31.43,31.09,29.58,29.14,30.96,29.13,31.09,29.46,31.04,,0.00
31.39,31.04,29.58,29.16,30.96,29.13,31.09,29.46,31.01,,0.00
31.35,30.99,29.58,29.18,30.96,29.13,31.08,29.45,30.98,,0.00
31.31,30.94,29.58,29.20,30.96,29.13,31.08,29.45,30.96,,0.00
31.27,30.89,29.58,29.22,30.96,29.13,31.07,29.44,30.93,,0.00
31.23,30.84,29.58,29.24,30.96,29.13,31.07,29.43,30.90,,0.00
31.19,30.79,29.58,29.27,30.96,29.13,31.06,29.43,30.88,,0.00
31.15,30.74,29.59,29.29,30.96,29.13,31.05,29.42,30.85,,0.00
31.11,30.71,29.59,29.31,30.96,29.12,31.05,29.41,30.82,,0.00
31.07,30.68,29.59,29.33,30.96,29.12,31.04,29.40,30.80,,0.00
31.03,30.66,29.59,29.36,30.96,29.12,31.03,29.40,30.77,,0.00
31.00,30.63,29.60,29.38,30.96,29.12,31.02,29.39,30.74,,0.00
30.98,30.61,29.60,29.40,30.96,29.12,31.00,29.37,30.72,,0.00
30.96,30.59,29.60,29.43,30.96,29.12,30.99,29.36,30.69,,0.00
30.95,30.56,29.60,29.48,30.96,29.12,30.99,29.35,30.68,,0.00
30.93,30.54,29.61,29.54,30.96,29.12,30.98,29.34,30.67,,0.00
30.91,30.51,29.62,29.60,30.96,29.12,30.97,29.32,30.66,,0.00
30.89,30.49,29.63,29.65,30.96,29.12,30.97,29.31,30.65,,0.00
30.87,30.47,29.64,29.71,30.96,29.12,30.96,29.30,30.64,,0.00
30.85,30.45,29.65,29.77,30.96,29.12,30.97,29.29,30.62,,0.00
30.83,30.42,29.67,29.82,30.96,29.12,30.99,29.29,30.61,,0.00
30.81,30.40,29.68,29.88,30.96,29.12,31.02,29.29,30.60,,0.00
30.79,30.38,29.69,29.94,30.96,29.12,30.92,29.25,30.59,,0.00
30.77,30.36,29.70,29.99,30.96,29.12,30.86,29.22,30.58,,0.00
30.75,30.33,29.71,30.05,30.96,29.12,30.80,29.20,30.57,,0.00
30.73,30.31,29.72,30.11,30.96,29.12,30.77,29.18,30.56,,0.00
30.71,30.29,29.74,30.16,30.96,29.12,30.76,29.17,30.55,,0.00
30.69,30.27,29.75,30.22,30.96,29.12,30.75,29.16,30.54,,0.00
30.67,30.25,29.78,30.28,30.96,29.12,30.75,29.15,30.53,,0.00
30.66,30.23,29.81,30.37,30.96,29.12,30.79,29.15,30.52,,0.00
30.65,30.22,29.84,30.50,30.96,29.12,30.83,29.15,30.51,,0.00
30.64,30.21,29.87,30.62,30.96,29.12,30.90,29.17,30.50,,0.00
30.63,30.20,29.90,30.75,30.96,29.12,30.87,29.16,30.49,,0.00
30.62,30.19,29.93,30.88,30.96,29.12,30.83,29.13,30.47,,0.00
30.61,30.18,29.97,,0.00,30.96,29.12,30.79,29.11,30.47,,0.00
30.61,30.17,30.00,,0.00,30.96,29.12,30.79,29.11,30.47,,0.00
30.60,30.16,30.03,,0.00,30.96,29.12,30.77,29.10,30.47,,0.00
30.59,30.15,30.06,,0.00,30.96,29.12,30.72,29.08,30.47,,0.00
30.58,30.14,30.09,,0.00,30.96,29.12,30.74,29.08,30.47,,0.00
30.57,30.13,30.12,,0.00,30.96,29.12,30.74,29.08,30.47,,0.00
30.56,30.12,30.18,,0.00,30.96,29.12,30.74,29.07,30.46,,0.00
30.55,30.11,30.25,,0.00,30.96,29.12,30.74,29.07,30.46,,0.00
30.54,30.10,30.32,,0.00,30.96,29.12,30.74,29.06,30.46,,0.00
30.54,30.09,30.38,,0.00,30.96,29.12,30.74,29.06,30.46,,0.00
30.53,30.08,30.45,,0.00,30.96,29.12,30.73,29.05,30.46,,0.00
30.52,30.07,30.52,,0.00,30.96,29.12,30.73,29.05,30.46,,0.00
30.51,30.06,30.59,,0.00,30.96,29.12,30.73,29.04,30.45,,0.00
30.50,30.05,30.66,,0.00,30.96,29.12,30.73,29.04,30.45,,0.00
30.49,30.04,30.72,,0.00,30.95,29.12,30.72,29.03,30.45,,0.00
30.49,30.03,30.79,,0.00,30.95,29.12,30.72,29.03,30.45,,0.00
30.49,30.03,30.86,,0.00,30.95,29.12,30.72,29.02,30.45,,0.00
30.48,30.03,30.93,,0.00,30.95,29.12,30.72,29.02,30.45,,0.00
30.48,30.02,31.04,,0.00,30.95,29.12,30.71,29.02,30.45,,0.00
30.48,30.02,31.17,,0.00,30.95,29.12,30.71,29.01,30.44,,0.00
30.47,,0.00,,0.00,,0.00,30.95,29.12,30.71,29.01,,0.00,,0.00
30.47,,0.00,,0.00,,0.00,30.95,29.12,30.71,29.01,,0.00,,0.00
30.47,,0.00,,0.00,,0.00,30.95,29.12,30.71,29.01,,0.00,,0.00
30.47,,0.00,,0.00,,0.00,30.95,29.12,30.71,29.00,,0.00,,0.00
30.46,,0.00,,0.00,,0.00,30.95,29.12,30.70,29.00,,0.00,,0.00
30.46,,0.00,,0.00,,0.00,30.95,29.12,30.70,29.00,,0.00,,0.00
30.46,,0.00,,0.00,,0.00,30.95,29.12,30.70,29.00,,0.00,,0.00
30.45,,0.00,,0.00,,0.00,30.95,29.12,30.70,29.00,,0.00,,0.00
30.45,,0.00,,0.00,,0.00,30.95,29.12,30.70,29.00,,0.00,,0.00
30.45,,0.00,,0.00,,0.00,30.94,29.12,30.70,29.00,,0.00,,0.00
30.44,,0.00,,0.00,,0.00,30.94,29.12,30.70,28.99,,0.00,,0.00
30.44,,0.00,,0.00,,0.00,30.94,29.12,30.70,28.99,,0.00,,0.00
30.44,,0.00,,0.00,,0.00,30.94,29.12,30.70,28.99,,0.00,,0.00
30.44,,0.00,,0.00,,0.00,30.93,29.12,30.70,28.99,,0.00,,0.00
30.43,,0.00,,0.00,,0.00,30.93,29.12,30.70,28.99,,0.00,,0.00
30.43,,0.00,,0.00,,0.00,30.93,29.12,30.70,28.99,,0.00,,0.00
30.43,,0.00,,0.00,,0.00,30.92,29.12,30.70,28.99,,0.00,,0.00
30.43,,0.00,,0.00,,0.00,30.91,29.12,30.70,28.99,,0.00,,0.00
30.43,,0.00,,0.00,,0.00,30.90,29.12,30.70,28.99,,0.00,,0.00
30.43,,0.00,,0.00,,0.00,30.88,29.12,30.70,28.99,,0.00,,0.00
30.43,,0.00,,0.00,,0.00,30.87,29.12,30.70,28.99,,0.00,,0.00
30.42,,0.00,,0.00,,0.00,30.84,29.12,30.70,28.99,,0.00,,0.00
30.42,,0.00,,0.00,,0.00,30.81,29.12,30.70,28.99,,0.00,,0.00
30.42,,0.00,,0.00,,0.00,30.76,29.12,30.70,28.99,,0.00,,0.00
30.42,,0.00,,0.00,,0.00,30.71,29.12,30.70,28.99,,0.00,,0.00
30.42,,0.00,,0.00,,0.00,30.65,29.12,30.70,28.99,,0.00,,0.00
30.42,,0.00,,0.00,,0.00,30.58,29.11,30.70,28.99,,0.00,,0.00
30.42,,0.00,,0.00,,0.00,30.52,29.11,30.70,28.99,,0.00,,0.00
30.42,,0.00,,0.00,,0.00,30.45,29.11,30.70,28.99,,0.00,,0.00
30.42,,0.00,,0.00,,0.00,30.38,29.11,30.69,28.99,,0.00,,0.00
30.42,,0.00,,0.00,,0.00,30.31,29.11,30.69,28.99,,0.00,,0.00
30.42,,0.00,,0.00,,0.00,30.25,29.11,30.69,28.99,,0.00,,0.00
30.42,,0.00,,0.00,,0.00,30.20,29.10,30.69,28.99,,0.00,,0.00
30.42,,0.00,,0.00,,0.00,30.16,29.10,30.69,28.99,,0.00,,0.00
30.42,,0.00,,0.00,,0.00,30.11,29.09,30.69,28.99,,0.00,,0.00
30.42,,0.00,,0.00,,0.00,30.07,29.08,30.69,28.99,,0.00,,0.00
30.43,,0.00,,0.00,,0.00,30.03,29.07,30.69,28.99,,0.00,,0.00
30.43,,0.00,,0.00,,0.00,30.00,29.06,30.69,28.99,,0.00,,0.00
30.43,,0.00,,0.00,,0.00,29.97,29.06,30.69,28.99,,0.00,,0.00
30.43,,0.00,,0.00,,0.00,29.94,29.05,30.69,28.99,,0.00,,0.00
30.43,,0.00,,0.00,,0.00,,0.00,,0.00,30.69,28.99,,0.00,,0.00
30.43,,0.00,,0.00,,0.00,,0.00,,0.00,30.69,28.99,,0.00,,0.00
30.43,,0.00,,0.00,,0.00,,0.00,,0.00,30.69,28.99,,0.00,,0.00
30.43,,0.00,,0.00,,0.00,,0.00,,0.00,30.69,28.99,,0.00,,0.00
30.43,,0.00,,0.00,,0.00,,0.00,,0.00,30.69,28.99,,0.00,,0.00
30.43,,0.00,,0.00,,0.00,,0.00,,0.00,30.69,28.99,,0.00,,0.00
,0.00,,0.00,,0.00,,0.00,,0.00,,0.00,30.69,28.99,,0.00,,0.00
,0.00,,0.00,,0.00,,0.00,,0.00,,0.00,30.69,28.99,,0.00,,0.00
,0.00,,0.00,,0.00,,0.00,,0.00,,0.00,30.69,28.99,,0.00,,0.00
,0.00,,0.00,,0.00,,0.00,,0.00,,0.00,30.69,28.99,,0.00,,0.00
,0.00,,0.00,,0.00,,0.00,,0.00,,0.00,30.69,28.99,,0.00,,0.00
,0.00,,0.00,,0.00,,0.00,,0.00,,0.00,30.69,28.99,,0.00,,0.00
,0.00,,0.00,,0.00,,0.00,,0.00,,0.00,30.69,28.99,,0.00,,0.00
,0.00,,0.00,,0.00,,0.00,,0.00,,0.00,30.69,28.99,,0.00,,0.00
,0.00,,0.00,,0.00,,0.00,,0.00,,0.00,30.69,28.99,,0.00,,0.00
,0.00,,0.00,,0.00,,0.00,,0.00,,0.00,30.69,28.99,,0.00,,0.00
,0.00,,0.00,,0.00,,0.00,,0.00,,0.00,30.69,28.99,,0.00,,0.00
,0.00,,0.00,,0.00,,0.00,,0.00,,0.00,30.69,28.99,,0.00,,0.00
,0.00,,0.00,,0.00,,0.00,,0.00,,0.00,30.69,28.99,,0.00,,0.00
,0.00,,0.00,,0.00,,0.00,,0.00,,0.00,30.69,28.99,,0.00,,0.00
,0.00,,0.00,,0.00,,0.00,,0.00,,0.00,30.69,28.99,,0.00,,0.00
,0.00,,0.00,,0.00,,0.00,,0.00,,0.00,30.69,28.99,,0.00,,0.00
,0.00,,0.00,,0.00,,0.00,,0.00,,0.00,30.69,28.99,,0.00,,0.00
,0.00,,0.00,,0.00,,0.00,,0.00,,0.00,30.69,28.99,,0.00,,0.00
,0.00,,0.00,,0.00,,0.00,,0.00,,0.00,30.69,28.99,,0.00,,0.00
,0.00,,0.00,,0.00,,0.00,,0.00,,0.00,30.69,28.99,,0.00,,0.00
,0.00,,0.00,,0.00,,0.00,,0.00,,0.00,30.69,28.99,,0.00,,0.00
,0.00,,0.00,,0.00,,0.00,,0.00,,0.00,30.69,28.99,,0.00,,0.00
,0.00,,0.00,,0.00,,0.00,,0.00,,0.00,30.69,28.99,,0.00,,0.00
,0.00,,0.00,,0.00,,0.00,,0.00,,0.00,30.69,28.99,,0.00,,0.00
,0.00,,0.00,,0.00,,0.00,,0.00,,0.00,30.69,28.99,,0.00,,0.00
,0.00,,0.00,,0.00,,0.00,,0.00,,0.00,30.69,28.99,,0.00,,0.00
,0.00,,0.00,,0.00,,0.00,,0.00,,0.00,30.69,28.99,,0.00,,0.00
,0.00,,0.00,,0.00,,0.00,,0.00,,0.00,30.69,28.99,,0.00,,0.00
,0.00,,0.00,,0.00,,0.00,,0.00,,0.00,30.69,28.99,,0.00,,0.00
,0.00,,0.00,,0.00,,0.00,,0.00,,0.00,30.69,28.99,,0.00,,0.00
,0.00,,0.00,,0.00,,0.00,,0.00,,0.00,30.69,28.99,,0.00,,0.00
,0.00,,0.00,,0.00,,0.00,,0.00,,0.00,30.69,28.99,,0.00,,0.00
,0.00,,0.00,,0.00,,0.00,,0.00,,0.00,30.69,28.99,,0.00,,0.00
,0.00,,0.00,,0.00,,0.00,,0.00,,0.00,30.69,28.99,,0.00,,0.00
,0.00,,0.00,,0.00,,0.00,,0.00,,0.00,,0.00,,0.00,,0.00,,0.00
,0.00,,0.00,,0.00,,0.00,,0.00,,0.00,,0.00,,0.00,,0.00,,0.00
,0.00,,0.00,,0.00,,0.00,,0.00,,0.00,,0.00,,0.00,,0.00,,0.00
,0.00,,0.00,,0.00,,0.00,,0.00,,0.00,,0.00,,0.00,,0.00,,0.00
,0.00,,0.00,,0.00,,0.00,,0.00,,0.00,,0.00,,0.00,,0.00,,0.00
,0.00,,0.00,,0.00,,0.00,,0.00,,0.00,,0.00,,0.00,,0.00,,0.00
,0.00,,0.00,,0.00,,0.00,,0.00,,0.00,,0.00,,0.00,,0.00,,0.00
,0.00,,0.00,,0.00,,0.00,,0.00,,0.00,,0.00,,0.00,,0.00,,0.00
,0.00,,0.00,,0.00,,0.00,,0.00,,0.00,,0.00,,0.00,,0.00,,0.00
,0.00,,0.00,,0.00,,0.00,,0.00,,0.00,,0.00,,0.00,,0.00,,0.00
,0.00,,0.00,,0.00,,0.00,,0.00,,0.00,,0.00,,0.00,,0.00,,0.00
,0.00,,0.00,,0.00,,0.00,,0.00,,0.00,,0.00,,0.00,,0.00,,0.00
,0.00,,0.00,,0.00,,0.00,,0.00,,0.00,,0.00,,0.00,,0.00,,0.00
,0.00,,0.00,,0.00,,0.00,,0.00,,0.00,,0.00,,0.00,,0.00,,0.00
,0.00,,0.00,,0.00,,0.00,,0.00,,0.00,,0.00,,0.00,,0.00,,0.00
,0.00,,0.00,,0.00,,0.00,,0.00,,0.00,,0.00,,0.00,,0.00,,0.00
,0.00,,0.00,,0.00,,0.00,,0.00,,0.00,,0.00,,0.00,,0.00,,0.00
,0.00,,0.00,,0.00,,0.00,,0.00,,0.00,,0.00,,0.00,,0.00,,0.00
,0.00,,0.00,,0.00,,0.00,,0.00,,0.00,,0.00,,0.00,,0.00,,0.00
