39.11,38.91,,0.00,29.21,30.60,29.77,33.94,32.12,34.63,29.25
38.93,38.73,,0.00,29.21,30.61,29.74,33.58,31.60,34.56,29.25
38.75,38.55,,0.00,29.20,30.64,29.71,33.46,31.39,34.49,29.24
38.58,38.36,29.86,29.20,30.69,29.68,33.12,31.07,34.42,29.24
38.43,38.18,29.85,29.20,30.73,29.65,32.88,30.82,34.35,29.23
38.27,38.00,29.85,29.19,30.79,29.62,32.69,30.63,34.28,29.23
38.12,37.82,29.84,29.19,30.85,29.60,32.58,30.51,34.21,29.22
37.96,37.64,29.84,29.19,30.93,29.57,32.51,30.41,34.14,29.22
37.80,37.50,29.83,29.19,31.02,29.55,32.48,30.35,34.07,29.22
37.65,37.35,29.83,29.19,31.12,29.52,32.48,30.31,34.00,29.22
37.49,37.21,29.82,29.20,31.21,29.50,32.53,30.30,33.94,29.22
37.34,37.07,29.82,29.20,31.30,29.48,32.60,30.31,33.87,29.22
37.18,36.93,29.82,29.20,31.39,29.46,32.71,30.34,33.80,29.22
37.03,36.78,29.81,29.20,31.48,29.44,32.65,30.30,33.73,29.22
36.87,36.64,29.81,29.20,31.54,29.42,32.60,30.25,33.66,29.22
36.72,36.50,29.80,29.21,31.60,29.41,32.55,30.21,33.59,29.22
36.56,36.35,29.80,29.21,31.65,29.39,32.51,30.18,33.52,29.22
36.41,36.21,29.79,29.21,31.69,29.38,32.52,30.17,33.45,29.22
36.25,36.07,29.79,29.21,31.72,29.37,32.52,30.15,33.38,29.23
36.09,35.92,29.78,29.22,31.74,29.36,32.52,30.14,33.31,29.23
35.94,35.78,29.78,29.23,31.76,29.35,32.53,30.13,33.25,29.24
35.80,35.64,29.78,29.24,31.77,29.34,32.53,30.12,33.19,,0.00
35.69,35.50,29.78,29.25,31.78,29.33,32.53,30.12,33.14,,0.00
35.57,35.35,29.78,29.26,31.78,29.32,32.53,30.11,33.08,,0.00
35.45,35.21,29.77,29.27,31.79,29.31,32.53,30.10,33.03,,0.00
35.34,35.07,29.77,29.28,31.79,29.30,32.53,30.09,32.97,,0.00
35.22,34.92,29.77,29.29,31.79,29.30,32.53,30.09,32.92,,0.00
35.11,34.78,29.77,29.30,31.79,29.29,32.53,30.08,32.87,,0.00
34.99,34.64,29.77,29.31,31.79,29.28,32.53,30.08,32.81,,0.00
34.88,34.49,29.77,29.32,31.79,29.28,32.53,30.07,32.76,,0.00
34.76,34.35,29.77,29.33,31.79,29.27,32.53,30.07,32.70,,0.00
34.65,34.21,29.77,29.34,31.79,29.27,32.53,30.06,32.65,,0.00
34.53,34.12,29.77,29.36,31.79,29.27,32.53,30.06,32.60,,0.00
34.42,34.03,29.77,29.39,31.79,29.26,32.53,30.05,32.54,,0.00
34.30,33.94,29.77,29.41,31.79,29.26,32.53,30.05,32.49,,0.00
34.19,33.85,29.77,29.43,31.79,29.26,32.53,30.04,32.43,,0.00
34.07,33.76,29.77,29.46,31.79,29.25,32.53,30.04,32.38,,0.00
33.96,33.67,29.78,29.48,31.79,29.25,32.53,30.04,32.32,,0.00
33.84,33.59,29.78,29.51,31.79,29.25,32.52,30.03,32.27,,0.00
33.73,33.50,29.79,29.53,31.79,29.25,32.52,30.03,32.22,,0.00
33.65,33.41,29.80,29.56,31.79,29.24,32.52,30.03,32.16,,0.00
33.57,33.32,29.81,29.58,31.79,29.24,32.52,30.02,32.12,,0.00
33.50,33.23,29.81,29.61,31.79,29.24,32.52,30.02,32.09,,0.00
33.42,33.15,29.82,29.63,31.79,29.24,32.52,30.02,32.05,,0.00
33.35,33.06,29.83,29.66,31.79,29.24,32.51,30.01,32.01,,0.00
33.27,32.97,29.84,29.69,31.79,29.24,32.51,30.01,31.98,,0.00
33.20,32.89,29.84,29.74,31.79,29.23,32.51,30.01,31.94,,0.00
33.12,32.80,29.85,29.79,31.79,29.23,32.50,30.00,31.90,,0.00
33.05,32.71,29.86,29.84,31.79,29.23,32.50,30.00,31.87,,0.00
32.97,32.63,29.87,29.89,31.79,29.23,32.50,29.99,31.83,,0.00
32.90,32.54,29.88,29.94,31.79,29.23,32.49,29.99,31.79,,0.00
32.82,32.46,29.90,29.99,31.79,29.23,32.49,29.98,31.76,,0.00
32.75,32.37,29.92,30.04,31.79,29.23,32.48,29.98,31.72,,0.00
32.67,32.29,29.93,30.09,31.79,29.23,32.47,29.97,31.68,,0.00
32.60,32.20,29.95,30.14,31.79,29.23,32.47,29.96,31.65,,0.00
32.52,32.14,29.97,30.19,31.79,29.23,32.46,29.95,31.61,,0.00
32.45,32.09,29.99,30.24,31.79,29.23,32.45,29.94,31.57,,0.00
32.37,32.03,30.01,30.29,31.79,29.23,32.44,29.93,31.53,,0.00
32.32,31.98,30.03,30.34,31.79,29.22,32.43,29.92,31.50,,0.00
32.27,31.93,30.05,30.39,31.79,29.22,32.41,29.91,31.46,,0.00
32.22,31.88,30.07,30.45,31.79,29.22,32.40,29.90,31.42,,0.00
32.18,31.83,30.09,30.54,31.79,29.22,32.40,29.89,31.40,,0.00
32.13,31.78,30.11,30.63,31.79,29.22,32.40,29.88,31.38,,0.00
32.08,31.73,30.15,30.73,31.79,29.22,32.39,29.87,31.36,,0.00
32.04,31.68,30.19,30.82,31.79,29.22,32.39,29.86,31.34,,0.00
31.99,31.63,30.22,30.92,31.79,29.22,32.39,29.85,31.32,,0.00
31.94,31.58,30.26,31.01,31.79,29.22,32.40,29.85,31.30,,0.00
31.90,31.54,30.30,31.10,31.79,29.22,32.40,29.85,31.28,,0.00
31.85,31.49,30.33,31.20,31.79,29.22,32.46,29.86,31.26,,0.00
31.80,31.44,30.37,31.29,31.79,29.22,32.32,29.79,31.24,,0.00
31.76,31.39,30.41,31.38,31.79,29.22,32.23,29.75,31.22,,0.00
31.71,31.34,30.45,31.48,31.79,29.22,32.15,29.71,31.20,,0.00
31.66,31.29,30.48,31.57,31.79,29.22,32.11,29.68,31.18,,0.00
31.62,31.25,30.52,31.66,31.79,29.22,32.09,29.67,31.16,,0.00
31.57,31.20,30.56,31.76,31.79,29.22,32.09,29.66,31.14,,0.00
31.52,31.15,30.63,31.85,31.79,29.22,32.10,29.66,31.12,,0.00
31.49,31.12,30.69,31.97,31.79,29.22,32.16,29.68,31.10,,0.00
31.46,31.09,30.76,32.12,31.79,29.22,32.23,29.71,31.08,,0.00
31.44,31.06,30.82,32.27,31.79,29.22,32.35,29.75,31.06,,0.00
31.41,31.03,30.89,32.41,31.79,29.22,32.30,29.73,31.04,,0.00
31.38,31.01,30.96,32.56,31.79,29.22,32.28,29.71,31.02,,0.00
31.36,30.98,31.02,,0.00,31.79,29.22,32.25,29.69,31.01,,0.00
31.33,30.95,31.09,,0.00,31.79,29.22,32.25,29.69,31.00,,0.00
31.30,30.92,31.16,,0.00,31.79,29.22,32.21,29.67,31.00,,0.00
31.28,30.90,31.22,,0.00,31.79,29.22,32.16,29.64,30.99,,0.00
31.25,30.87,31.29,,0.00,31.79,29.22,32.19,29.65,30.99,,0.00
31.23,30.84,31.35,,0.00,31.79,29.22,32.20,29.66,30.98,,0.00
31.20,30.82,31.45,,0.00,31.79,29.22,32.21,29.66,30.97,,0.00
31.17,30.79,31.55,,0.00,31.79,29.22,32.21,29.65,30.97,,0.00
31.15,30.76,31.66,,0.00,31.79,29.22,32.21,29.65,30.96,,0.00
31.12,30.74,31.76,,0.00,31.79,29.22,32.22,29.65,30.95,,0.00
31.09,30.71,31.86,,0.00,31.79,29.22,32.22,29.65,30.95,,0.00
31.07,30.68,31.97,,0.00,31.79,29.22,32.22,29.65,30.94,,0.00
31.04,30.66,32.07,,0.00,31.79,29.22,32.22,29.64,30.93,,0.00
31.01,30.63,32.18,,0.00,31.79,29.22,32.22,29.64,30.93,,0.00
30.99,30.61,32.28,,0.00,31.79,29.22,32.22,29.64,30.92,,0.00
30.98,30.59,32.38,,0.00,31.79,29.22,32.21,29.63,30.92,,0.00
30.96,30.58,32.49,,0.00,31.79,29.22,32.21,29.63,30.91,,0.00
30.95,30.56,32.59,,0.00,31.79,29.22,32.21,29.63,30.90,,0.00
30.94,30.55,32.72,,0.00,31.79,29.22,32.21,29.62,30.90,,0.00
30.92,30.53,32.87,,0.00,31.79,29.22,32.21,29.62,30.89,,0.00
30.91,,0.00,,0.00,,0.00,31.79,29.22,32.21,29.62,,0.00,,0.00
30.90,,0.00,,0.00,,0.00,31.79,29.22,32.20,29.62,,0.00,,0.00
30.88,,0.00,,0.00,,0.00,31.79,29.22,32.20,29.61,,0.00,,0.00
30.87,,0.00,,0.00,,0.00,31.79,29.22,32.20,29.61,,0.00,,0.00
30.86,,0.00,,0.00,,0.00,31.79,29.22,32.20,29.61,,0.00,,0.00
30.84,,0.00,,0.00,,0.00,31.78,29.22,32.20,29.61,,0.00,,0.00
30.83,,0.00,,0.00,,0.00,31.78,29.22,32.20,29.61,,0.00,,0.00
30.82,,0.00,,0.00,,0.00,31.78,29.22,32.20,29.61,,0.00,,0.00
30.80,,0.00,,0.00,,0.00,31.78,29.22,32.20,29.60,,0.00,,0.00
30.79,,0.00,,0.00,,0.00,31.78,29.22,32.20,29.60,,0.00,,0.00
30.78,,0.00,,0.00,,0.00,31.78,29.22,32.20,29.60,,0.00,,0.00
30.77,,0.00,,0.00,,0.00,31.77,29.22,32.20,29.60,,0.00,,0.00
30.76,,0.00,,0.00,,0.00,31.77,29.22,32.20,29.60,,0.00,,0.00
30.75,,0.00,,0.00,,0.00,31.76,29.22,32.19,29.60,,0.00,,0.00
30.74,,0.00,,0.00,,0.00,31.76,29.22,32.19,29.60,,0.00,,0.00
30.73,,0.00,,0.00,,0.00,31.75,29.22,32.19,29.60,,0.00,,0.00
30.72,,0.00,,0.00,,0.00,31.74,29.22,32.19,29.60,,0.00,,0.00
30.71,,0.00,,0.00,,0.00,31.72,29.22,32.19,29.60,,0.00,,0.00
30.70,,0.00,,0.00,,0.00,31.70,29.22,32.19,29.60,,0.00,,0.00
30.69,,0.00,,0.00,,0.00,31.67,29.22,32.19,29.60,,0.00,,0.00
30.68,,0.00,,0.00,,0.00,31.64,29.22,32.19,29.60,,0.00,,0.00
30.68,,0.00,,0.00,,0.00,31.58,29.22,32.19,29.60,,0.00,,0.00
30.68,,0.00,,0.00,,0.00,31.53,29.22,32.19,29.60,,0.00,,0.00
30.67,,0.00,,0.00,,0.00,31.46,29.22,32.19,29.60,,0.00,,0.00
30.67,,0.00,,0.00,,0.00,31.38,29.22,32.19,29.60,,0.00,,0.00
30.66,,0.00,,0.00,,0.00,31.29,29.21,32.19,29.59,,0.00,,0.00
30.66,,0.00,,0.00,,0.00,31.19,29.21,32.19,29.59,,0.00,,0.00
30.65,,0.00,,0.00,,0.00,31.08,29.21,32.19,29.59,,0.00,,0.00
30.65,,0.00,,0.00,,0.00,30.97,29.21,32.19,29.59,,0.00,,0.00
30.64,,0.00,,0.00,,0.00,30.86,29.21,32.19,29.59,,0.00,,0.00
30.64,,0.00,,0.00,,0.00,30.75,29.20,32.19,29.59,,0.00,,0.00
30.63,,0.00,,0.00,,0.00,30.65,29.20,32.19,29.59,,0.00,,0.00
30.63,,0.00,,0.00,,0.00,30.57,29.19,32.19,29.59,,0.00,,0.00
30.62,,0.00,,0.00,,0.00,30.48,29.18,32.19,29.59,,0.00,,0.00
30.62,,0.00,,0.00,,0.00,30.41,29.17,32.19,29.59,,0.00,,0.00
30.62,,0.00,,0.00,,0.00,30.34,29.16,32.19,29.59,,0.00,,0.00
30.61,,0.00,,0.00,,0.00,30.28,29.15,32.19,29.59,,0.00,,0.00
30.61,,0.00,,0.00,,0.00,30.23,29.14,32.19,29.59,,0.00,,0.00
30.61,,0.00,,0.00,,0.00,30.18,29.12,32.19,29.59,,0.00,,0.00
30.60,,0.00,,0.00,,0.00,30.15,29.11,32.19,29.59,,0.00,,0.00
30.60,,0.00,,0.00,,0.00,,0.00,,0.00,32.19,29.59,,0.00,,0.00
30.60,,0.00,,0.00,,0.00,,0.00,,0.00,32.19,29.59,,0.00,,0.00
30.59,,0.00,,0.00,,0.00,,0.00,,0.00,32.19,29.59,,0.00,,0.00
30.59,,0.00,,0.00,,0.00,,0.00,,0.00,32.19,29.59,,0.00,,0.00
30.59,,0.00,,0.00,,0.00,,0.00,,0.00,32.19,29.59,,0.00,,0.00
30.58,,0.00,,0.00,,0.00,,0.00,,0.00,32.19,29.59,,0.00,,0.00
,0.00,,0.00,,0.00,,0.00,,0.00,,0.00,32.19,29.59,,0.00,,0.00
,0.00,,0.00,,0.00,,0.00,,0.00,,0.00,32.19,29.59,,0.00,,0.00
,0.00,,0.00,,0.00,,0.00,,0.00,,0.00,32.19,29.59,,0.00,,0.00
,0.00,,0.00,,0.00,,0.00,,0.00,,0.00,32.19,29.59,,0.00,,0.00
,0.00,,0.00,,0.00,,0.00,,0.00,,0.00,32.19,29.59,,0.00,,0.00
,0.00,,0.00,,0.00,,0.00,,0.00,,0.00,32.19,29.59,,0.00,,0.00
,0.00,,0.00,,0.00,,0.00,,0.00,,0.00,32.19,29.59,,0.00,,0.00
,0.00,,0.00,,0.00,,0.00,,0.00,,0.00,32.19,29.59,,0.00,,0.00
,0.00,,0.00,,0.00,,0.00,,0.00,,0.00,32.19,29.59,,0.00,,0.00
,0.00,,0.00,,0.00,,0.00,,0.00,,0.00,32.19,29.59,,0.00,,0.00
,0.00,,0.00,,0.00,,0.00,,0.00,,0.00,32.19,29.59,,0.00,,0.00
,0.00,,0.00,,0.00,,0.00,,0.00,,0.00,32.19,29.59,,0.00,,0.00
,0.00,,0.00,,0.00,,0.00,,0.00,,0.00,32.19,29.59,,0.00,,0.00
,0.00,,0.00,,0.00,,0.00,,0.00,,0.00,32.19,29.59,,0.00,,0.00
,0.00,,0.00,,0.00,,0.00,,0.00,,0.00,32.19,29.59,,0.00,,0.00
,0.00,,0.00,,0.00,,0.00,,0.00,,0.00,32.19,29.59,,0.00,,0.00
,0.00,,0.00,,0.00,,0.00,,0.00,,0.00,32.19,29.59,,0.00,,0.00
,0.00,,0.00,,0.00,,0.00,,0.00,,0.00,32.19,29.59,,0.00,,0.00
,0.00,,0.00,,0.00,,0.00,,0.00,,0.00,32.19,29.59,,0.00,,0.00
,0.00,,0.00,,0.00,,0.00,,0.00,,0.00,32.19,29.59,,0.00,,0.00
,0.00,,0.00,,0.00,,0.00,,0.00,,0.00,32.19,29.59,,0.00,,0.00
,0.00,,0.00,,0.00,,0.00,,0.00,,0.00,32.19,29.59,,0.00,,0.00
,0.00,,0.00,,0.00,,0.00,,0.00,,0.00,32.19,29.59,,0.00,,0.00
,0.00,,0.00,,0.00,,0.00,,0.00,,0.00,32.19,29.59,,0.00,,0.00
,0.00,,0.00,,0.00,,0.00,,0.00,,0.00,32.19,29.59,,0.00,,0.00
,0.00,,0.00,,0.00,,0.00,,0.00,,0.00,32.19,29.59,,0.00,,0.00
,0.00,,0.00,,0.00,,0.00,,0.00,,0.00,32.19,29.59,,0.00,,0.00
,0.00,,0.00,,0.00,,0.00,,0.00,,0.00,32.19,29.59,,0.00,,0.00
,0.00,,0.00,,0.00,,0.00,,0.00,,0.00,32.19,29.59,,0.00,,0.00
,0.00,,0.00,,0.00,,0.00,,0.00,,0.00,32.19,29.59,,0.00,,0.00
,0.00,,0.00,,0.00,,0.00,,0.00,,0.00,32.19,29.59,,0.00,,0.00
,0.00,,0.00,,0.00,,0.00,,0.00,,0.00,32.19,29.59,,0.00,,0.00
,0.00,,0.00,,0.00,,0.00,,0.00,,0.00,32.19,29.59,,0.00,,0.00
,0.00,,0.00,,0.00,,0.00,,0.00,,0.00,32.19,29.59,,0.00,,0.00
,0.00,,0.00,,0.00,,0.00,,0.00,,0.00,,0.00,,0.00,,0.00,,0.00
,0.00,,0.00,,0.00,,0.00,,0.00,,0.00,,0.00,,0.00,,0.00,,0.00
,0.00,,0.00,,0.00,,0.00,,0.00,,0.00,,0.00,,0.00,,0.00,,0.00
,0.00,,0.00,,0.00,,0.00,,0.00,,0.00,,0.00,,0.00,,0.00,,0.00
,0.00,,0.00,,0.00,,0.00,,0.00,,0.00,,0.00,,0.00,,0.00,,0.00
,0.00,,0.00,,0.00,,0.00,,0.00,,0.00,,0.00,,0.00,,0.00,,0.00
,0.00,,0.00,,0.00,,0.00,,0.00,,0.00,,0.00,,0.00,,0.00,,0.00
,0.00,,0.00,,0.00,,0.00,,0.00,,0.00,,0.00,,0.00,,0.00,,0.00
,0.00,,0.00,,0.00,,0.00,,0.00,,0.00,,0.00,,0.00,,0.00,,0.00
,0.00,,0.00,,0.00,,0.00,,0.00,,0.00,,0.00,,0.00,,0.00,,0.00
,0.00,,0.00,,0.00,,0.00,,0.00,,0.00,,0.00,,0.00,,0.00,,0.00
,0.00,,0.00,,0.00,,0.00,,0.00,,0.00,,0.00,,0.00,,0.00,,0.00
,0.00,,0.00,,0.00,,0.00,,0.00,,0.00,,0.00,,0.00,,0.00,,0.00
,0.00,,0.00,,0.00,,0.00,,0.00,,0.00,,0.00,,0.00,,0.00,,0.00
,0.00,,0.00,,0.00,,0.00,,0.00,,0.00,,0.00,,0.00,,0.00,,0.00
,0.00,,0.00,,0.00,,0.00,,0.00,,0.00,,0.00,,0.00,,0.00,,0.00
,0.00,,0.00,,0.00,,0.00,,0.00,,0.00,,0.00,,0.00,,0.00,,0.00
,0.00,,0.00,,0.00,,0.00,,0.00,,0.00,,0.00,,0.00,,0.00,,0.00
,0.00,,0.00,,0.00,,0.00,,0.00,,0.00,,0.00,,0.00,,0.00,,0.00
