38.95,38.72,,0.00,29.28,30.71,29.81,34.43,32.44,34.62,29.28
38.83,38.58,,0.00,29.28,30.73,29.77,34.08,31.94,34.56,29.27
38.71,38.45,,0.00,29.27,30.76,29.74,33.96,31.73,34.50,29.27
38.58,38.32,29.89,29.27,30.81,29.71,33.63,31.39,34.43,29.26
38.45,38.19,29.88,29.27,30.87,29.68,33.38,31.13,34.37,29.26
38.31,38.06,29.88,29.27,30.93,29.65,33.19,30.92,34.31,29.25
38.18,37.93,29.88,29.27,31.00,29.62,33.06,30.78,34.25,29.25
38.05,37.79,29.87,29.27,31.08,29.60,32.98,30.67,34.19,29.25
37.92,37.67,29.87,29.28,31.18,29.57,32.94,30.59,34.13,29.25
37.79,37.54,29.86,29.28,31.28,29.55,32.93,30.55,34.07,29.25
37.66,37.41,29.86,29.29,31.38,29.53,32.97,30.53,34.01,29.25
37.52,37.28,29.86,29.29,31.48,29.51,33.03,30.53,33.95,29.25
37.39,37.15,29.85,29.29,31.57,29.49,33.13,30.56,33.89,29.25
37.26,37.02,29.85,29.30,31.66,29.47,33.06,30.52,33.83,29.25
37.13,36.90,29.85,29.30,31.72,29.45,33.04,30.48,33.77,29.25
37.00,36.77,29.85,29.31,31.79,29.44,33.00,30.43,33.71,29.25
36.86,36.64,29.84,29.31,31.84,29.42,32.96,30.39,33.65,29.25
36.73,36.51,29.84,29.32,31.89,29.41,32.97,30.38,33.58,29.26
36.60,36.38,29.84,29.32,31.92,29.40,32.97,30.37,33.52,29.26
36.47,36.25,29.83,29.33,31.95,29.39,32.98,30.36,33.46,29.26
36.34,36.12,29.83,29.34,31.96,29.38,32.98,30.35,33.40,29.27
36.21,36.00,29.83,29.36,31.98,29.37,32.98,30.34,33.35,,0.00
36.10,35.87,29.83,29.37,31.99,29.36,32.98,30.33,33.30,,0.00
35.99,35.74,29.83,29.39,32.00,29.35,32.98,30.33,33.25,,0.00
35.88,35.61,29.83,29.40,32.00,29.34,32.98,30.32,33.20,,0.00
35.77,35.48,29.83,29.41,32.01,29.33,32.99,30.31,33.15,,0.00
35.66,35.35,29.84,29.43,32.01,29.33,32.99,30.31,33.10,,0.00
35.55,35.23,29.84,29.44,32.01,29.32,32.99,30.30,33.04,,0.00
35.44,35.10,29.84,29.46,32.01,29.32,32.99,30.29,32.99,,0.00
35.33,34.97,29.84,29.47,32.01,29.31,32.99,30.29,32.94,,0.00
35.22,34.84,29.85,29.49,32.01,29.31,32.99,30.28,32.89,,0.00
35.11,34.71,29.85,29.50,32.01,29.30,32.99,30.28,32.84,,0.00
35.00,34.62,29.85,29.53,32.01,29.30,32.99,30.27,32.79,,0.00
34.89,34.53,29.86,29.56,32.01,29.29,32.99,30.27,32.74,,0.00
34.78,34.44,29.86,29.59,32.01,29.29,32.98,30.27,32.69,,0.00
34.67,34.35,29.86,29.62,32.01,29.29,32.98,30.26,32.63,,0.00
34.56,34.26,29.86,29.65,32.01,29.28,32.98,30.26,32.58,,0.00
34.45,34.17,29.87,29.68,32.01,29.28,32.98,30.26,32.53,,0.00
34.34,34.08,29.88,29.71,32.01,29.28,32.98,30.25,32.48,,0.00
34.23,33.99,29.89,29.74,32.01,29.28,32.98,30.25,32.43,,0.00
34.15,33.90,29.90,29.77,32.01,29.27,32.98,30.25,32.38,,0.00
34.07,33.81,29.91,29.80,32.01,29.27,32.98,30.24,32.34,,0.00
34.00,33.72,29.93,29.83,32.01,29.27,32.97,30.24,32.30,,0.00
33.92,33.63,29.94,29.86,32.01,29.27,32.97,30.24,32.27,,0.00
33.84,33.55,29.95,29.89,32.01,29.27,32.97,30.23,32.23,,0.00
33.76,33.46,29.96,29.93,32.01,29.27,32.97,30.23,32.19,,0.00
33.68,33.37,29.97,29.98,32.01,29.26,32.96,30.22,32.16,,0.00
33.60,33.28,29.98,30.04,32.01,29.26,32.96,30.22,32.12,,0.00
33.52,33.19,29.99,30.09,32.01,29.26,32.96,30.22,32.08,,0.00
33.45,33.11,30.01,30.14,32.01,29.26,32.95,30.21,32.05,,0.00
33.37,33.02,30.02,30.20,32.01,29.26,32.95,30.21,32.01,,0.00
33.29,32.93,30.05,30.26,32.01,29.26,32.94,30.20,31.97,,0.00
33.21,32.85,30.07,30.31,32.01,29.26,32.94,30.19,31.94,,0.00
33.13,32.76,30.10,30.37,32.01,29.26,32.93,30.19,31.90,,0.00
33.05,32.67,30.12,30.42,32.01,29.26,32.92,30.18,31.86,,0.00
32.97,32.60,30.14,30.48,32.01,29.26,32.91,30.17,31.83,,0.00
32.90,32.55,30.17,30.54,32.01,29.26,32.90,30.16,31.79,,0.00
32.82,32.49,30.19,30.60,32.01,29.26,32.89,30.15,31.75,,0.00
32.76,32.43,30.22,30.65,32.01,29.25,32.88,30.14,31.72,,0.00
32.71,32.38,30.24,30.71,32.01,29.25,32.87,30.13,31.68,,0.00
32.65,32.32,30.27,30.77,32.01,29.25,32.85,30.12,31.64,,0.00
32.60,32.26,30.29,30.86,32.01,29.25,32.85,30.11,31.62,,0.00
32.55,32.21,30.32,30.96,32.01,29.25,32.84,30.10,31.60,,0.00
32.50,32.15,30.36,31.05,32.01,29.25,32.84,30.08,31.58,,0.00
32.44,32.10,30.41,31.15,32.01,29.25,32.84,30.07,31.56,,0.00
32.39,32.04,30.45,31.24,32.01,29.25,32.83,30.06,31.54,,0.00
32.34,31.99,30.49,31.34,32.01,29.25,32.82,30.06,31.52,,0.00
32.29,31.94,30.54,31.43,32.01,29.25,32.81,30.06,31.49,,0.00
32.23,31.88,30.58,31.53,32.01,29.25,32.87,30.07,31.47,,0.00
32.18,31.83,30.62,31.62,32.01,29.25,32.74,30.00,31.45,,0.00
32.13,31.78,30.67,31.72,32.01,29.25,32.65,29.95,31.43,,0.00
32.08,31.72,30.71,31.81,32.01,29.25,32.57,29.91,31.41,,0.00
32.02,31.67,30.75,31.91,32.01,29.25,32.53,29.89,31.39,,0.00
31.97,31.62,30.80,32.00,32.01,29.25,32.51,29.87,31.36,,0.00
31.92,31.56,30.84,32.10,32.01,29.25,32.51,29.87,31.34,,0.00
31.87,31.51,30.91,32.19,32.01,29.25,32.53,29.87,31.32,,0.00
31.83,31.47,30.98,32.31,32.01,29.25,32.59,29.89,31.30,,0.00
31.79,31.44,31.06,32.44,32.01,29.25,32.66,29.92,31.28,,0.00
31.76,31.40,31.13,32.57,32.01,29.25,32.77,29.97,31.26,,0.00
31.73,31.37,31.20,32.70,32.01,29.25,32.71,29.95,31.24,,0.00
31.70,31.34,31.27,32.83,32.01,29.25,32.72,29.93,31.21,,0.00
31.67,31.31,31.34,,0.00,32.01,29.25,32.69,29.91,31.21,,0.00
31.64,31.27,31.41,,0.00,32.01,29.25,32.70,29.91,31.20,,0.00
31.60,31.24,31.48,,0.00,32.01,29.25,32.67,29.89,31.19,,0.00
31.57,31.21,31.55,,0.00,32.01,29.25,32.63,29.87,31.18,,0.00
31.54,31.18,31.62,,0.00,32.01,29.25,32.66,29.88,31.18,,0.00
31.51,31.14,31.69,,0.00,32.01,29.25,32.67,29.89,31.17,,0.00
31.48,31.11,31.79,,0.00,32.01,29.25,32.68,29.89,31.16,,0.00
31.45,31.08,31.89,,0.00,32.01,29.25,32.68,29.89,31.15,,0.00
31.41,31.05,31.99,,0.00,32.01,29.25,32.69,29.89,31.15,,0.00
31.38,31.02,32.09,,0.00,32.01,29.25,32.69,29.89,31.14,,0.00
31.35,30.99,32.19,,0.00,32.01,29.25,32.70,29.88,31.13,,0.00
31.32,30.96,32.29,,0.00,32.01,29.25,32.70,29.88,31.12,,0.00
31.29,30.92,32.40,,0.00,32.01,29.25,32.70,29.88,31.12,,0.00
31.26,30.89,32.50,,0.00,32.01,29.25,32.70,29.88,31.11,,0.00
31.23,30.87,32.60,,0.00,32.01,29.25,32.70,29.87,31.10,,0.00
31.21,30.85,32.70,,0.00,32.01,29.25,32.70,29.87,31.09,,0.00
31.19,30.83,32.80,,0.00,32.01,29.25,32.69,29.87,31.09,,0.00
31.18,30.81,32.90,,0.00,32.01,29.25,32.69,29.86,31.08,,0.00
31.16,30.79,33.02,,0.00,32.01,29.25,32.69,29.86,31.07,,0.00
31.14,30.77,33.15,,0.00,32.01,29.25,32.69,29.86,31.06,,0.00
31.12,,0.00,,0.00,,0.00,32.01,29.25,32.69,29.86,,0.00,,0.00
31.10,,0.00,,0.00,,0.00,32.01,29.25,32.69,29.85,,0.00,,0.00
31.09,,0.00,,0.00,,0.00,32.01,29.25,32.69,29.85,,0.00,,0.00
31.07,,0.00,,0.00,,0.00,32.01,29.25,32.69,29.85,,0.00,,0.00
31.05,,0.00,,0.00,,0.00,32.00,29.25,32.68,29.85,,0.00,,0.00
31.04,,0.00,,0.00,,0.00,32.00,29.25,32.68,29.85,,0.00,,0.00
31.02,,0.00,,0.00,,0.00,32.00,29.25,32.68,29.85,,0.00,,0.00
31.00,,0.00,,0.00,,0.00,32.00,29.25,32.68,29.84,,0.00,,0.00
30.98,,0.00,,0.00,,0.00,32.00,29.25,32.68,29.84,,0.00,,0.00
30.97,,0.00,,0.00,,0.00,32.00,29.25,32.68,29.84,,0.00,,0.00
30.95,,0.00,,0.00,,0.00,31.99,29.25,32.68,29.84,,0.00,,0.00
30.94,,0.00,,0.00,,0.00,31.99,29.25,32.68,29.84,,0.00,,0.00
30.92,,0.00,,0.00,,0.00,31.99,29.25,32.68,29.84,,0.00,,0.00
30.91,,0.00,,0.00,,0.00,31.98,29.25,32.68,29.84,,0.00,,0.00
30.89,,0.00,,0.00,,0.00,31.97,29.25,32.68,29.84,,0.00,,0.00
30.88,,0.00,,0.00,,0.00,31.96,29.25,32.68,29.84,,0.00,,0.00
30.87,,0.00,,0.00,,0.00,31.95,29.25,32.68,29.84,,0.00,,0.00
30.85,,0.00,,0.00,,0.00,31.92,29.25,32.68,29.84,,0.00,,0.00
30.84,,0.00,,0.00,,0.00,31.90,29.25,32.68,29.84,,0.00,,0.00
30.83,,0.00,,0.00,,0.00,31.87,29.25,32.68,29.84,,0.00,,0.00
30.82,,0.00,,0.00,,0.00,31.83,29.25,32.68,29.84,,0.00,,0.00
30.82,,0.00,,0.00,,0.00,31.78,29.25,32.68,29.83,,0.00,,0.00
30.81,,0.00,,0.00,,0.00,31.72,29.25,32.68,29.83,,0.00,,0.00
30.80,,0.00,,0.00,,0.00,31.64,29.25,32.68,29.83,,0.00,,0.00
30.80,,0.00,,0.00,,0.00,31.57,29.24,32.68,29.83,,0.00,,0.00
30.79,,0.00,,0.00,,0.00,31.47,29.24,32.68,29.83,,0.00,,0.00
30.78,,0.00,,0.00,,0.00,31.36,29.24,32.68,29.83,,0.00,,0.00
30.77,,0.00,,0.00,,0.00,31.25,29.24,32.68,29.83,,0.00,,0.00
30.77,,0.00,,0.00,,0.00,31.14,29.24,32.68,29.83,,0.00,,0.00
30.76,,0.00,,0.00,,0.00,31.02,29.23,32.68,29.83,,0.00,,0.00
30.75,,0.00,,0.00,,0.00,30.90,29.23,32.67,29.83,,0.00,,0.00
30.75,,0.00,,0.00,,0.00,30.80,29.22,32.67,29.83,,0.00,,0.00
30.74,,0.00,,0.00,,0.00,30.70,29.22,32.67,29.83,,0.00,,0.00
30.73,,0.00,,0.00,,0.00,30.61,29.21,32.67,29.83,,0.00,,0.00
30.73,,0.00,,0.00,,0.00,30.54,29.19,32.67,29.83,,0.00,,0.00
30.72,,0.00,,0.00,,0.00,30.45,29.18,32.67,29.83,,0.00,,0.00
30.72,,0.00,,0.00,,0.00,30.39,29.17,32.67,29.83,,0.00,,0.00
30.71,,0.00,,0.00,,0.00,30.33,29.16,32.67,29.83,,0.00,,0.00
30.71,,0.00,,0.00,,0.00,30.28,29.15,32.67,29.83,,0.00,,0.00
30.70,,0.00,,0.00,,0.00,30.25,29.14,32.67,29.83,,0.00,,0.00
30.70,,0.00,,0.00,,0.00,,0.00,,0.00,32.67,29.83,,0.00,,0.00
30.69,,0.00,,0.00,,0.00,,0.00,,0.00,32.67,29.83,,0.00,,0.00
30.69,,0.00,,0.00,,0.00,,0.00,,0.00,32.67,29.83,,0.00,,0.00
30.68,,0.00,,0.00,,0.00,,0.00,,0.00,32.67,29.83,,0.00,,0.00
30.68,,0.00,,0.00,,0.00,,0.00,,0.00,32.67,29.83,,0.00,,0.00
30.67,,0.00,,0.00,,0.00,,0.00,,0.00,32.67,29.83,,0.00,,0.00
,0.00,,0.00,,0.00,,0.00,,0.00,,0.00,32.67,29.83,,0.00,,0.00
,0.00,,0.00,,0.00,,0.00,,0.00,,0.00,32.67,29.83,,0.00,,0.00
,0.00,,0.00,,0.00,,0.00,,0.00,,0.00,32.67,29.83,,0.00,,0.00
,0.00,,0.00,,0.00,,0.00,,0.00,,0.00,32.67,29.83,,0.00,,0.00
,0.00,,0.00,,0.00,,0.00,,0.00,,0.00,32.67,29.83,,0.00,,0.00
,0.00,,0.00,,0.00,,0.00,,0.00,,0.00,32.67,29.83,,0.00,,0.00
,0.00,,0.00,,0.00,,0.00,,0.00,,0.00,32.67,29.83,,0.00,,0.00
,0.00,,0.00,,0.00,,0.00,,0.00,,0.00,32.67,29.83,,0.00,,0.00
,0.00,,0.00,,0.00,,0.00,,0.00,,0.00,32.67,29.83,,0.00,,0.00
,0.00,,0.00,,0.00,,0.00,,0.00,,0.00,32.67,29.83,,0.00,,0.00
,0.00,,0.00,,0.00,,0.00,,0.00,,0.00,32.67,29.83,,0.00,,0.00
,0.00,,0.00,,0.00,,0.00,,0.00,,0.00,32.67,29.83,,0.00,,0.00
,0.00,,0.00,,0.00,,0.00,,0.00,,0.00,32.67,29.83,,0.00,,0.00
,0.00,,0.00,,0.00,,0.00,,0.00,,0.00,32.67,29.83,,0.00,,0.00
,0.00,,0.00,,0.00,,0.00,,0.00,,0.00,32.67,29.83,,0.00,,0.00
,0.00,,0.00,,0.00,,0.00,,0.00,,0.00,32.67,29.83,,0.00,,0.00
,0.00,,0.00,,0.00,,0.00,,0.00,,0.00,32.67,29.83,,0.00,,0.00
,0.00,,0.00,,0.00,,0.00,,0.00,,0.00,32.67,29.83,,0.00,,0.00
,0.00,,0.00,,0.00,,0.00,,0.00,,0.00,32.67,29.83,,0.00,,0.00
,0.00,,0.00,,0.00,,0.00,,0.00,,0.00,32.67,29.83,,0.00,,0.00
,0.00,,0.00,,0.00,,0.00,,0.00,,0.00,32.67,29.83,,0.00,,0.00
,0.00,,0.00,,0.00,,0.00,,0.00,,0.00,32.67,29.83,,0.00,,0.00
,0.00,,0.00,,0.00,,0.00,,0.00,,0.00,32.67,29.83,,0.00,,0.00
,0.00,,0.00,,0.00,,0.00,,0.00,,0.00,32.67,29.83,,0.00,,0.00
,0.00,,0.00,,0.00,,0.00,,0.00,,0.00,32.67,29.83,,0.00,,0.00
,0.00,,0.00,,0.00,,0.00,,0.00,,0.00,32.67,29.83,,0.00,,0.00
,0.00,,0.00,,0.00,,0.00,,0.00,,0.00,32.67,29.83,,0.00,,0.00
,0.00,,0.00,,0.00,,0.00,,0.00,,0.00,32.67,29.83,,0.00,,0.00
,0.00,,0.00,,0.00,,0.00,,0.00,,0.00,32.67,29.83,,0.00,,0.00
,0.00,,0.00,,0.00,,0.00,,0.00,,0.00,32.67,29.83,,0.00,,0.00
,0.00,,0.00,,0.00,,0.00,,0.00,,0.00,32.67,29.83,,0.00,,0.00
,0.00,,0.00,,0.00,,0.00,,0.00,,0.00,32.67,29.83,,0.00,,0.00
,0.00,,0.00,,0.00,,0.00,,0.00,,0.00,32.67,29.83,,0.00,,0.00
,0.00,,0.00,,0.00,,0.00,,0.00,,0.00,32.67,29.83,,0.00,,0.00
,0.00,,0.00,,0.00,,0.00,,0.00,,0.00,,0.00,,0.00,,0.00,,0.00
,0.00,,0.00,,0.00,,0.00,,0.00,,0.00,,0.00,,0.00,,0.00,,0.00
,0.00,,0.00,,0.00,,0.00,,0.00,,0.00,,0.00,,0.00,,0.00,,0.00
,0.00,,0.00,,0.00,,0.00,,0.00,,0.00,,0.00,,0.00,,0.00,,0.00
,0.00,,0.00,,0.00,,0.00,,0.00,,0.00,,0.00,,0.00,,0.00,,0.00
,0.00,,0.00,,0.00,,0.00,,0.00,,0.00,,0.00,,0.00,,0.00,,0.00
,0.00,,0.00,,0.00,,0.00,,0.00,,0.00,,0.00,,0.00,,0.00,,0.00
,0.00,,0.00,,0.00,,0.00,,0.00,,0.00,,0.00,,0.00,,0.00,,0.00
,0.00,,0.00,,0.00,,0.00,,0.00,,0.00,,0.00,,0.00,,0.00,,0.00
,0.00,,0.00,,0.00,,0.00,,0.00,,0.00,,0.00,,0.00,,0.00,,0.00
,0.00,,0.00,,0.00,,0.00,,0.00,,0.00,,0.00,,0.00,,0.00,,0.00
,0.00,,0.00,,0.00,,0.00,,0.00,,0.00,,0.00,,0.00,,0.00,,0.00
,0.00,,0.00,,0.00,,0.00,,0.00,,0.00,,0.00,,0.00,,0.00,,0.00
,0.00,,0.00,,0.00,,0.00,,0.00,,0.00,,0.00,,0.00,,0.00,,0.00
,0.00,,0.00,,0.00,,0.00,,0.00,,0.00,,0.00,,0.00,,0.00,,0.00
,0.00,,0.00,,0.00,,0.00,,0.00,,0.00,,0.00,,0.00,,0.00,,0.00
,0.00,,0.00,,0.00,,0.00,,0.00,,0.00,,0.00,,0.00,,0.00,,0.00
,0.00,,0.00,,0.00,,0.00,,0.00,,0.00,,0.00,,0.00,,0.00,,0.00
,0.00,,0.00,,0.00,,0.00,,0.00,,0.00,,0.00,,0.00,,0.00,,0.00
