38.40,38.14,,0.00,29.37,30.84,29.85,34.79,32.72,34.58,29.31
38.33,38.06,,0.00,29.36,30.86,29.81,34.45,32.23,34.53,29.30
38.26,37.98,,0.00,29.36,30.89,29.77,34.34,32.03,34.47,29.30
38.17,37.89,29.94,29.36,30.95,29.74,34.03,31.69,34.42,29.29
38.07,37.81,29.94,29.36,31.00,29.71,33.79,31.42,34.36,29.29
37.97,37.73,29.94,29.36,31.07,29.68,33.60,31.20,34.31,29.28
37.87,37.65,29.93,29.36,31.14,29.65,33.47,31.04,34.26,29.28
37.77,37.57,29.93,29.37,31.23,29.62,33.37,30.92,34.20,29.28
37.66,37.46,29.93,29.38,31.33,29.60,33.32,30.83,34.15,29.28
37.56,37.35,29.92,29.38,31.43,29.58,33.30,30.78,34.10,29.28
37.46,37.25,29.92,29.39,31.54,29.56,33.33,30.76,34.04,29.28
37.36,37.14,29.92,29.40,31.63,29.54,33.38,30.75,33.99,29.28
37.26,37.03,29.92,29.40,31.73,29.52,33.46,30.77,33.93,29.28
37.16,36.93,29.91,29.41,31.82,29.50,33.39,30.73,33.88,29.28
37.05,36.82,29.91,29.42,31.89,29.48,33.39,30.69,33.83,29.28
36.95,36.71,29.91,29.43,31.96,29.47,33.37,30.65,33.77,29.28
36.85,36.61,29.91,29.43,32.01,29.45,33.34,30.61,33.72,29.28
36.75,36.50,29.91,29.44,32.06,29.44,33.35,30.60,33.67,29.29
36.65,36.39,29.90,29.45,32.09,29.43,33.35,30.58,33.61,29.29
36.55,36.29,29.90,29.46,32.12,29.42,33.35,30.57,33.56,29.29
36.44,36.18,29.90,29.47,32.14,29.40,33.36,30.56,33.50,29.30
36.34,36.07,29.90,29.49,32.16,29.39,33.36,30.55,33.46,,0.00
36.25,35.97,29.90,29.51,32.17,29.39,33.36,30.54,33.41,,0.00
36.15,35.86,29.91,29.53,32.18,29.38,33.36,30.54,33.36,,0.00
36.05,35.76,29.91,29.55,32.19,29.37,33.37,30.53,33.31,,0.00
35.95,35.65,29.91,29.56,32.19,29.36,33.37,30.52,33.27,,0.00
35.86,35.54,29.92,29.58,32.19,29.36,33.37,30.52,33.22,,0.00
35.76,35.44,29.92,29.60,32.20,29.35,33.37,30.51,33.17,,0.00
35.66,35.33,29.93,29.62,32.20,29.34,33.37,30.51,33.12,,0.00
35.56,35.22,29.93,29.64,32.20,29.34,33.37,30.50,33.08,,0.00
35.46,35.12,29.94,29.65,32.20,29.33,33.37,30.50,33.03,,0.00
35.37,35.01,29.94,29.67,32.20,29.33,33.37,30.49,32.98,,0.00
35.27,34.93,29.95,29.70,32.20,29.33,33.37,30.49,32.93,,0.00
35.17,34.84,29.95,29.74,32.20,29.32,33.37,30.48,32.89,,0.00
35.07,34.75,29.96,29.77,32.20,29.32,33.37,30.48,32.84,,0.00
34.98,34.67,29.96,29.80,32.20,29.32,33.37,30.48,32.79,,0.00
34.88,34.58,29.97,29.84,32.20,29.31,33.37,30.47,32.75,,0.00
34.78,34.50,29.98,29.87,32.20,29.31,33.37,30.47,32.70,,0.00
34.68,34.41,29.99,29.91,32.20,29.31,33.36,30.47,32.65,,0.00
34.59,34.33,30.01,29.94,32.20,29.31,33.36,30.46,32.60,,0.00
34.51,34.24,30.02,29.98,32.20,29.30,33.36,30.46,32.56,,0.00
34.43,34.15,30.04,30.01,32.20,29.30,33.36,30.46,32.52,,0.00
34.35,34.07,30.05,30.04,32.20,29.30,33.36,30.45,32.48,,0.00
34.28,33.99,30.07,30.08,32.20,29.30,33.36,30.45,32.45,,0.00
34.20,33.90,30.08,30.11,32.20,29.30,33.35,30.45,32.41,,0.00
34.12,33.82,30.10,30.15,32.20,29.29,33.35,30.44,32.38,,0.00
34.04,33.73,30.11,30.21,32.20,29.29,33.35,30.44,32.34,,0.00
33.97,33.65,30.13,30.27,32.20,29.29,33.34,30.43,32.31,,0.00
33.89,33.56,30.14,30.33,32.20,29.29,33.34,30.43,32.27,,0.00
33.81,33.48,30.16,30.39,32.20,29.29,33.34,30.42,32.24,,0.00
33.74,33.40,30.18,30.44,32.20,29.29,33.33,30.42,32.20,,0.00
33.66,33.31,30.21,30.50,32.20,29.29,33.32,30.41,32.16,,0.00
33.58,33.23,30.23,30.56,32.20,29.29,33.32,30.41,32.13,,0.00
33.51,33.15,30.26,30.62,32.20,29.29,33.31,30.40,32.09,,0.00
33.43,33.06,30.29,30.68,32.20,29.29,33.30,30.39,32.06,,0.00
33.35,32.99,30.32,30.74,32.20,29.29,33.29,30.38,32.02,,0.00
33.27,32.93,30.35,30.80,32.20,29.29,33.28,30.37,31.99,,0.00
33.20,32.88,30.38,30.86,32.20,29.28,33.27,30.36,31.95,,0.00
33.14,32.82,30.41,30.92,32.20,29.28,33.26,30.35,31.92,,0.00
33.08,32.76,30.44,30.98,32.20,29.28,33.24,30.34,31.88,,0.00
33.03,32.70,30.47,31.04,32.20,29.28,33.23,30.33,31.84,,0.00
32.97,32.64,30.50,31.13,32.20,29.28,33.22,30.32,31.82,,0.00
32.92,32.58,30.53,31.22,32.20,29.28,33.21,30.31,31.80,,0.00
32.86,32.53,30.58,31.31,32.20,29.28,33.21,30.29,31.78,,0.00
32.81,32.47,30.62,31.41,32.20,29.28,33.20,30.28,31.76,,0.00
32.75,32.41,30.67,31.50,32.20,29.28,33.18,30.27,31.74,,0.00
32.70,32.36,30.72,31.59,32.20,29.28,33.16,30.26,31.71,,0.00
32.64,32.30,30.76,31.68,32.20,29.28,33.13,30.25,31.69,,0.00
32.58,32.24,30.81,31.77,32.20,29.28,33.18,30.27,31.67,,0.00
32.53,32.19,30.86,31.86,32.20,29.28,33.07,30.20,31.65,,0.00
32.47,32.13,30.91,31.95,32.20,29.28,32.99,30.15,31.63,,0.00
32.42,32.08,30.95,32.05,32.20,29.28,32.92,30.11,31.61,,0.00
32.36,32.02,31.00,32.14,32.20,29.28,32.88,30.09,31.58,,0.00
32.31,31.97,31.05,32.23,32.20,29.28,32.86,30.07,31.56,,0.00
32.25,31.91,31.10,32.32,32.20,29.28,32.86,30.07,31.54,,0.00
32.20,31.86,31.17,32.41,32.20,29.28,32.88,30.07,31.52,,0.00
32.15,31.81,31.24,32.51,32.20,29.28,32.93,30.09,31.50,,0.00
32.12,31.78,31.31,32.63,32.20,29.28,32.99,30.12,31.48,,0.00
32.08,31.74,31.38,32.74,32.20,29.28,33.09,30.17,31.45,,0.00
32.05,31.70,31.45,32.86,32.20,29.28,33.03,30.15,31.43,,0.00
32.01,31.67,31.53,32.97,32.20,29.28,33.07,30.14,31.41,,0.00
31.98,31.63,31.60,,0.00,32.20,29.28,33.06,30.13,31.40,,0.00
31.94,31.59,31.67,,0.00,32.20,29.28,33.07,30.13,31.40,,0.00
31.90,31.56,31.74,,0.00,32.20,29.28,33.04,30.11,31.39,,0.00
31.87,31.52,31.81,,0.00,32.20,29.28,33.02,30.09,31.38,,0.00
31.83,31.49,31.88,,0.00,32.20,29.28,33.05,30.11,31.37,,0.00
31.80,31.45,31.95,,0.00,32.20,29.28,33.06,30.11,31.36,,0.00
31.76,31.41,32.04,,0.00,32.20,29.28,33.07,30.11,31.36,,0.00
31.73,31.38,32.14,,0.00,32.20,29.28,33.08,30.11,31.35,,0.00
31.69,31.34,32.23,,0.00,32.20,29.28,33.09,30.11,31.34,,0.00
31.66,31.31,32.33,,0.00,32.20,29.28,33.09,30.11,31.33,,0.00
31.62,31.27,32.42,,0.00,32.20,29.28,33.10,30.11,31.32,,0.00
31.58,31.24,32.52,,0.00,32.20,29.28,33.10,30.11,31.32,,0.00
31.55,31.20,32.61,,0.00,32.20,29.28,33.11,30.11,31.31,,0.00
31.51,31.17,32.71,,0.00,32.20,29.28,33.11,30.11,31.30,,0.00
31.48,31.14,32.80,,0.00,32.20,29.28,33.11,30.11,31.29,,0.00
31.46,31.12,32.90,,0.00,32.20,29.28,33.11,30.10,31.29,,0.00
31.44,31.10,32.99,,0.00,32.20,29.28,33.11,30.10,31.28,,0.00
31.42,31.07,33.08,,0.00,32.20,29.28,33.10,30.10,31.27,,0.00
31.40,31.05,33.19,,0.00,32.20,29.28,33.10,30.10,31.26,,0.00
31.38,31.03,33.30,,0.00,32.20,29.28,33.10,30.09,31.25,,0.00
31.35,,0.00,,0.00,,0.00,32.20,29.28,33.10,30.09,,0.00,,0.00
31.33,,0.00,,0.00,,0.00,32.20,29.28,33.10,30.09,,0.00,,0.00
31.31,,0.00,,0.00,,0.00,32.20,29.28,33.10,30.09,,0.00,,0.00
31.29,,0.00,,0.00,,0.00,32.19,29.28,33.10,30.08,,0.00,,0.00
31.27,,0.00,,0.00,,0.00,32.19,29.28,33.10,30.08,,0.00,,0.00
31.25,,0.00,,0.00,,0.00,32.19,29.28,33.09,30.08,,0.00,,0.00
31.23,,0.00,,0.00,,0.00,32.19,29.28,33.09,30.08,,0.00,,0.00
31.21,,0.00,,0.00,,0.00,32.19,29.28,33.09,30.08,,0.00,,0.00
31.19,,0.00,,0.00,,0.00,32.19,29.28,33.09,30.08,,0.00,,0.00
31.17,,0.00,,0.00,,0.00,32.18,29.28,33.09,30.08,,0.00,,0.00
31.15,,0.00,,0.00,,0.00,32.18,29.28,33.09,30.08,,0.00,,0.00
31.13,,0.00,,0.00,,0.00,32.18,29.28,33.09,30.07,,0.00,,0.00
31.12,,0.00,,0.00,,0.00,32.17,29.28,33.09,30.07,,0.00,,0.00
31.10,,0.00,,0.00,,0.00,32.16,29.28,33.09,30.07,,0.00,,0.00
31.08,,0.00,,0.00,,0.00,32.15,29.28,33.09,30.07,,0.00,,0.00
31.06,,0.00,,0.00,,0.00,32.14,29.28,33.09,30.07,,0.00,,0.00
31.05,,0.00,,0.00,,0.00,32.13,29.28,33.09,30.07,,0.00,,0.00
31.03,,0.00,,0.00,,0.00,32.10,29.28,33.09,30.07,,0.00,,0.00
31.01,,0.00,,0.00,,0.00,32.08,29.28,33.09,30.07,,0.00,,0.00
31.00,,0.00,,0.00,,0.00,32.04,29.28,33.09,30.07,,0.00,,0.00
30.99,,0.00,,0.00,,0.00,32.00,29.28,33.09,30.07,,0.00,,0.00
30.99,,0.00,,0.00,,0.00,31.94,29.28,33.09,30.07,,0.00,,0.00
30.98,,0.00,,0.00,,0.00,31.89,29.28,33.09,30.07,,0.00,,0.00
30.97,,0.00,,0.00,,0.00,31.80,29.27,33.09,30.07,,0.00,,0.00
30.96,,0.00,,0.00,,0.00,31.72,29.27,33.09,30.07,,0.00,,0.00
30.95,,0.00,,0.00,,0.00,31.62,29.27,33.09,30.07,,0.00,,0.00
30.94,,0.00,,0.00,,0.00,31.52,29.27,33.09,30.07,,0.00,,0.00
30.93,,0.00,,0.00,,0.00,31.40,29.27,33.09,30.07,,0.00,,0.00
30.92,,0.00,,0.00,,0.00,31.29,29.26,33.09,30.07,,0.00,,0.00
30.91,,0.00,,0.00,,0.00,31.17,29.26,33.09,30.07,,0.00,,0.00
30.90,,0.00,,0.00,,0.00,31.04,29.26,33.09,30.07,,0.00,,0.00
30.90,,0.00,,0.00,,0.00,30.94,29.25,33.09,30.07,,0.00,,0.00
30.89,,0.00,,0.00,,0.00,30.84,29.24,33.09,30.07,,0.00,,0.00
30.88,,0.00,,0.00,,0.00,30.75,29.23,33.09,30.07,,0.00,,0.00
30.87,,0.00,,0.00,,0.00,30.66,29.22,33.09,30.07,,0.00,,0.00
30.86,,0.00,,0.00,,0.00,30.57,29.21,33.09,30.07,,0.00,,0.00
30.86,,0.00,,0.00,,0.00,30.50,29.20,33.09,30.07,,0.00,,0.00
30.85,,0.00,,0.00,,0.00,30.45,29.19,33.09,30.07,,0.00,,0.00
30.84,,0.00,,0.00,,0.00,30.39,29.18,33.09,30.07,,0.00,,0.00
30.84,,0.00,,0.00,,0.00,30.36,29.17,33.09,30.07,,0.00,,0.00
30.83,,0.00,,0.00,,0.00,,0.00,,0.00,33.09,30.07,,0.00,,0.00
30.82,,0.00,,0.00,,0.00,,0.00,,0.00,33.09,30.07,,0.00,,0.00
30.82,,0.00,,0.00,,0.00,,0.00,,0.00,33.09,30.07,,0.00,,0.00
30.81,,0.00,,0.00,,0.00,,0.00,,0.00,33.09,30.07,,0.00,,0.00
30.81,,0.00,,0.00,,0.00,,0.00,,0.00,33.09,30.07,,0.00,,0.00
30.80,,0.00,,0.00,,0.00,,0.00,,0.00,33.09,30.07,,0.00,,0.00
,0.00,,0.00,,0.00,,0.00,,0.00,,0.00,33.09,30.07,,0.00,,0.00
,0.00,,0.00,,0.00,,0.00,,0.00,,0.00,33.09,30.07,,0.00,,0.00
,0.00,,0.00,,0.00,,0.00,,0.00,,0.00,33.09,30.07,,0.00,,0.00
,0.00,,0.00,,0.00,,0.00,,0.00,,0.00,33.09,30.07,,0.00,,0.00
,0.00,,0.00,,0.00,,0.00,,0.00,,0.00,33.09,30.07,,0.00,,0.00
,0.00,,0.00,,0.00,,0.00,,0.00,,0.00,33.09,30.07,,0.00,,0.00
,0.00,,0.00,,0.00,,0.00,,0.00,,0.00,33.09,30.07,,0.00,,0.00
,0.00,,0.00,,0.00,,0.00,,0.00,,0.00,33.09,30.07,,0.00,,0.00
,0.00,,0.00,,0.00,,0.00,,0.00,,0.00,33.09,30.07,,0.00,,0.00
,0.00,,0.00,,0.00,,0.00,,0.00,,0.00,33.09,30.07,,0.00,,0.00
,0.00,,0.00,,0.00,,0.00,,0.00,,0.00,33.09,30.07,,0.00,,0.00
,0.00,,0.00,,0.00,,0.00,,0.00,,0.00,33.09,30.07,,0.00,,0.00
,0.00,,0.00,,0.00,,0.00,,0.00,,0.00,33.09,30.07,,0.00,,0.00
,0.00,,0.00,,0.00,,0.00,,0.00,,0.00,33.09,30.07,,0.00,,0.00
,0.00,,0.00,,0.00,,0.00,,0.00,,0.00,33.09,30.07,,0.00,,0.00
,0.00,,0.00,,0.00,,0.00,,0.00,,0.00,33.09,30.07,,0.00,,0.00
,0.00,,0.00,,0.00,,0.00,,0.00,,0.00,33.09,30.07,,0.00,,0.00
,0.00,,0.00,,0.00,,0.00,,0.00,,0.00,33.09,30.07,,0.00,,0.00
,0.00,,0.00,,0.00,,0.00,,0.00,,0.00,33.09,30.07,,0.00,,0.00
,0.00,,0.00,,0.00,,0.00,,0.00,,0.00,33.09,30.07,,0.00,,0.00
,0.00,,0.00,,0.00,,0.00,,0.00,,0.00,33.09,30.07,,0.00,,0.00
,0.00,,0.00,,0.00,,0.00,,0.00,,0.00,33.09,30.07,,0.00,,0.00
,0.00,,0.00,,0.00,,0.00,,0.00,,0.00,33.09,30.07,,0.00,,0.00
,0.00,,0.00,,0.00,,0.00,,0.00,,0.00,33.09,30.07,,0.00,,0.00
,0.00,,0.00,,0.00,,0.00,,0.00,,0.00,33.09,30.07,,0.00,,0.00
,0.00,,0.00,,0.00,,0.00,,0.00,,0.00,33.09,30.07,,0.00,,0.00
,0.00,,0.00,,0.00,,0.00,,0.00,,0.00,33.09,30.07,,0.00,,0.00
,0.00,,0.00,,0.00,,0.00,,0.00,,0.00,33.09,30.07,,0.00,,0.00
,0.00,,0.00,,0.00,,0.00,,0.00,,0.00,33.09,30.07,,0.00,,0.00
,0.00,,0.00,,0.00,,0.00,,0.00,,0.00,33.09,30.07,,0.00,,0.00
,0.00,,0.00,,0.00,,0.00,,0.00,,0.00,33.09,30.07,,0.00,,0.00
,0.00,,0.00,,0.00,,0.00,,0.00,,0.00,33.09,30.07,,0.00,,0.00
,0.00,,0.00,,0.00,,0.00,,0.00,,0.00,33.09,30.07,,0.00,,0.00
,0.00,,0.00,,0.00,,0.00,,0.00,,0.00,33.09,30.07,,0.00,,0.00
,0.00,,0.00,,0.00,,0.00,,0.00,,0.00,,0.00,,0.00,,0.00,,0.00
,0.00,,0.00,,0.00,,0.00,,0.00,,0.00,,0.00,,0.00,,0.00,,0.00
,0.00,,0.00,,0.00,,0.00,,0.00,,0.00,,0.00,,0.00,,0.00,,0.00
,0.00,,0.00,,0.00,,0.00,,0.00,,0.00,,0.00,,0.00,,0.00,,0.00
,0.00,,0.00,,0.00,,0.00,,0.00,,0.00,,0.00,,0.00,,0.00,,0.00
,0.00,,0.00,,0.00,,0.00,,0.00,,0.00,,0.00,,0.00,,0.00,,0.00
,0.00,,0.00,,0.00,,0.00,,0.00,,0.00,,0.00,,0.00,,0.00,,0.00
,0.00,,0.00,,0.00,,0.00,,0.00,,0.00,,0.00,,0.00,,0.00,,0.00
,0.00,,0.00,,0.00,,0.00,,0.00,,0.00,,0.00,,0.00,,0.00,,0.00
,0.00,,0.00,,0.00,,0.00,,0.00,,0.00,,0.00,,0.00,,0.00,,0.00
,0.00,,0.00,,0.00,,0.00,,0.00,,0.00,,0.00,,0.00,,0.00,,0.00
,0.00,,0.00,,0.00,,0.00,,0.00,,0.00,,0.00,,0.00,,0.00,,0.00
,0.00,,0.00,,0.00,,0.00,,0.00,,0.00,,0.00,,0.00,,0.00,,0.00
,0.00,,0.00,,0.00,,0.00,,0.00,,0.00,,0.00,,0.00,,0.00,,0.00
,0.00,,0.00,,0.00,,0.00,,0.00,,0.00,,0.00,,0.00,,0.00,,0.00
,0.00,,0.00,,0.00,,0.00,,0.00,,0.00,,0.00,,0.00,,0.00,,0.00
,0.00,,0.00,,0.00,,0.00,,0.00,,0.00,,0.00,,0.00,,0.00,,0.00
,0.00,,0.00,,0.00,,0.00,,0.00,,0.00,,0.00,,0.00,,0.00,,0.00
,0.00,,0.00,,0.00,,0.00,,0.00,,0.00,,0.00,,0.00,,0.00,,0.00
