35.41,35.14,,0.00,29.68,31.26,30.02,34.86,32.98,33.01,29.40
35.46,35.18,,0.00,29.69,31.26,29.96,34.67,32.68,33.01,29.39
35.51,35.22,,0.00,29.69,31.29,29.90,34.62,32.54,33.02,29.39
35.54,35.26,30.17,29.70,31.33,29.85,34.46,32.28,33.02,29.38
35.53,35.30,30.17,29.70,31.38,29.81,34.30,32.04,33.02,29.38
35.52,35.34,30.17,29.71,31.45,29.78,34.15,31.83,33.02,29.38
35.51,35.38,30.17,29.71,31.51,29.75,34.03,31.66,33.03,29.37
35.51,35.40,30.17,29.72,31.59,29.72,33.93,31.52,33.03,29.37
35.50,35.38,30.17,29.74,31.68,29.69,33.86,31.41,33.03,29.37
35.49,35.35,30.17,29.75,31.76,29.67,33.81,31.33,33.04,29.37
35.48,35.32,30.17,29.76,31.85,29.65,33.79,31.28,33.04,29.37
35.47,35.29,30.17,29.77,31.93,29.63,33.78,31.25,33.04,29.37
35.46,35.27,30.17,29.79,32.00,29.61,33.79,31.24,33.05,29.37
35.46,35.24,30.17,29.80,32.08,29.59,33.73,31.19,33.05,29.37
35.45,35.21,30.17,29.81,32.14,29.57,33.80,31.17,33.05,29.37
35.44,35.18,30.17,29.82,32.20,29.56,33.83,31.14,33.05,29.37
35.43,35.16,30.18,29.84,32.25,29.54,33.84,31.11,33.06,29.38
35.42,35.13,30.18,29.85,32.29,29.53,33.85,31.09,33.06,29.38
35.42,35.10,30.18,29.86,32.33,29.52,33.86,31.07,33.06,29.39
35.41,35.08,30.18,29.88,32.36,29.51,33.87,31.06,33.07,29.39
35.40,35.05,30.18,29.90,32.39,29.50,33.88,31.05,33.07,29.39
35.38,35.02,30.19,29.92,32.41,29.49,33.88,31.05,33.05,,0.00
35.34,34.99,30.19,29.95,32.42,29.48,33.89,31.04,33.03,,0.00
35.30,34.97,30.20,29.97,32.44,29.47,33.90,31.03,33.01,,0.00
35.26,34.94,30.21,29.99,32.45,29.46,33.90,31.03,33.00,,0.00
35.22,34.91,30.22,30.02,32.46,29.46,33.91,31.02,32.98,,0.00
35.18,34.88,30.23,30.04,32.46,29.45,33.91,31.02,32.96,,0.00
35.14,34.86,30.24,30.06,32.47,29.44,33.92,31.01,32.94,,0.00
35.10,34.83,30.25,30.09,32.47,29.44,33.92,31.01,32.92,,0.00
35.06,34.80,30.26,30.11,32.47,29.43,33.92,31.00,32.90,,0.00
35.02,34.77,30.27,30.13,32.47,29.43,33.92,31.00,32.88,,0.00
34.97,34.75,30.28,30.16,32.47,29.42,33.92,30.99,32.87,,0.00
34.93,34.70,30.29,30.19,32.48,29.42,33.92,30.99,32.85,,0.00
34.89,34.65,30.30,30.23,32.48,29.42,33.92,30.99,32.83,,0.00
34.85,34.60,30.31,30.26,32.48,29.41,33.92,30.98,32.81,,0.00
34.81,34.55,30.33,30.30,32.48,29.41,33.92,30.98,32.79,,0.00
34.77,34.50,30.34,30.34,32.48,29.41,33.92,30.97,32.77,,0.00
34.73,34.45,30.35,30.37,32.48,29.40,33.92,30.97,32.76,,0.00
34.69,34.40,30.37,30.41,32.48,29.40,33.92,30.97,32.74,,0.00
34.65,34.35,30.39,30.45,32.48,29.40,33.91,30.96,32.72,,0.00
34.60,34.30,30.41,30.48,32.48,29.40,33.91,30.96,32.70,,0.00
34.55,34.25,30.43,30.52,32.48,29.39,33.91,30.96,32.68,,0.00
34.50,34.20,30.46,30.56,32.48,29.39,33.91,30.95,32.66,,0.00
34.45,34.15,30.48,30.59,32.48,29.39,33.91,30.95,32.63,,0.00
34.40,34.10,30.50,30.63,32.48,29.39,33.90,30.95,32.61,,0.00
34.35,34.05,30.52,30.67,32.48,29.39,33.90,30.94,32.59,,0.00
34.30,34.00,30.54,30.72,32.48,29.39,33.90,30.94,32.57,,0.00
34.25,33.95,30.56,30.77,32.48,29.39,33.89,30.94,32.54,,0.00
34.20,33.90,30.58,30.82,32.48,29.38,33.89,30.93,32.52,,0.00
34.15,33.84,30.60,30.87,32.48,29.38,33.89,30.93,32.50,,0.00
34.10,33.79,30.63,30.92,32.48,29.38,33.88,30.92,32.48,,0.00
34.05,33.74,30.66,30.97,32.48,29.38,33.87,30.91,32.45,,0.00
34.00,33.69,30.69,31.02,32.48,29.38,33.87,30.91,32.43,,0.00
33.95,33.64,30.73,31.07,32.48,29.38,33.86,30.90,32.41,,0.00
33.90,33.59,30.76,31.12,32.48,29.38,33.85,30.89,32.39,,0.00
33.85,33.54,30.79,31.17,32.48,29.38,33.83,30.88,32.37,,0.00
33.81,33.50,30.83,31.22,32.48,29.38,33.82,30.87,32.34,,0.00
33.76,33.45,30.86,31.27,32.48,29.38,33.81,30.86,32.32,,0.00
33.71,33.40,30.89,31.32,32.48,29.38,33.79,30.84,32.30,,0.00
33.66,33.35,30.93,31.38,32.48,29.38,33.77,30.83,32.28,,0.00
33.62,33.31,30.96,31.43,32.48,29.38,33.75,30.82,32.25,,0.00
33.57,33.26,30.99,31.48,32.48,29.38,33.72,30.80,32.24,,0.00
33.52,33.21,31.03,31.54,32.48,29.38,33.70,30.78,32.22,,0.00
33.48,33.17,31.07,31.59,32.48,29.38,33.67,30.76,32.20,,0.00
33.43,33.12,31.11,31.65,32.48,29.38,33.63,30.75,32.19,,0.00
33.38,33.07,31.16,31.70,32.48,29.38,33.58,30.72,32.17,,0.00
33.34,33.03,31.20,31.76,32.48,29.37,33.52,30.69,32.15,,0.00
33.29,32.98,31.24,31.81,32.48,29.37,33.42,30.66,32.14,,0.00
33.25,32.93,31.29,31.87,32.48,29.37,33.45,30.67,32.12,,0.00
33.20,32.89,31.33,31.93,32.48,29.37,33.41,30.62,32.10,,0.00
33.15,32.84,31.38,31.98,32.48,29.37,33.37,30.58,32.08,,0.00
33.11,32.79,31.42,32.04,32.48,29.37,33.34,30.55,32.07,,0.00
33.06,32.75,31.46,32.09,32.48,29.37,33.32,30.53,32.05,,0.00
33.01,32.70,31.51,32.15,32.48,29.37,33.31,30.52,32.03,,0.00
32.97,32.66,31.55,32.20,32.48,29.37,33.30,30.51,32.02,,0.00
32.92,32.61,31.60,32.26,32.48,29.37,33.31,30.52,32.00,,0.00
32.88,32.57,31.65,32.30,32.48,29.37,33.33,30.53,31.98,,0.00
32.84,32.53,31.71,32.34,32.48,29.37,33.35,30.56,31.97,,0.00
32.81,32.50,31.76,32.37,32.48,29.37,33.38,30.59,31.95,,0.00
32.77,32.46,31.81,32.41,32.48,29.37,33.34,30.57,31.93,,0.00
32.74,32.42,31.86,32.44,32.48,29.37,33.43,30.60,31.92,,0.00
32.70,32.39,31.91,,0.00,32.48,29.37,33.48,30.60,31.91,,0.00
32.66,32.35,31.96,,0.00,32.48,29.37,33.51,30.61,31.90,,0.00
32.63,32.31,32.01,,0.00,32.48,29.37,33.53,30.61,31.89,,0.00
32.59,32.28,32.06,,0.00,32.48,29.37,33.56,30.61,31.89,,0.00
32.55,32.24,32.11,,0.00,32.48,29.37,33.59,30.62,31.88,,0.00
32.52,32.21,32.17,,0.00,32.48,29.37,33.61,30.63,31.87,,0.00
32.48,32.17,32.21,,0.00,32.48,29.37,33.64,30.64,31.86,,0.00
32.44,32.13,32.26,,0.00,32.48,29.37,33.66,30.65,31.85,,0.00
32.41,32.10,32.31,,0.00,32.48,29.37,33.68,30.66,31.85,,0.00
32.37,32.06,32.36,,0.00,32.48,29.37,33.69,30.66,31.84,,0.00
32.33,32.03,32.40,,0.00,32.48,29.37,33.71,30.66,31.83,,0.00
32.30,31.99,32.45,,0.00,32.48,29.37,33.72,30.67,31.82,,0.00
32.26,31.96,32.50,,0.00,32.48,29.37,33.72,30.67,31.82,,0.00
32.22,31.92,32.54,,0.00,32.48,29.37,33.73,30.67,31.81,,0.00
32.19,31.89,32.59,,0.00,32.48,29.37,33.73,30.67,31.80,,0.00
32.16,31.86,32.64,,0.00,32.47,29.37,33.73,30.66,31.79,,0.00
32.14,31.84,32.68,,0.00,32.47,29.37,33.74,30.66,31.79,,0.00
32.11,31.81,32.73,,0.00,32.47,29.37,33.74,30.66,31.78,,0.00
32.09,31.78,32.76,,0.00,32.47,29.37,33.74,30.66,31.77,,0.00
32.06,31.76,32.79,,0.00,32.47,29.37,33.74,30.66,31.76,,0.00
32.04,,0.00,,0.00,,0.00,32.47,29.37,33.74,30.66,,0.00,,0.00
32.01,,0.00,,0.00,,0.00,32.47,29.37,33.73,30.65,,0.00,,0.00
31.99,,0.00,,0.00,,0.00,32.47,29.37,33.73,30.65,,0.00,,0.00
31.96,,0.00,,0.00,,0.00,32.47,29.37,33.73,30.65,,0.00,,0.00
31.94,,0.00,,0.00,,0.00,32.47,29.37,33.73,30.65,,0.00,,0.00
31.91,,0.00,,0.00,,0.00,32.47,29.37,33.73,30.65,,0.00,,0.00
31.88,,0.00,,0.00,,0.00,32.47,29.37,33.73,30.65,,0.00,,0.00
31.86,,0.00,,0.00,,0.00,32.46,29.37,33.73,30.64,,0.00,,0.00
31.83,,0.00,,0.00,,0.00,32.46,29.37,33.73,30.64,,0.00,,0.00
31.81,,0.00,,0.00,,0.00,32.46,29.37,33.73,30.64,,0.00,,0.00
31.79,,0.00,,0.00,,0.00,32.45,29.37,33.73,30.64,,0.00,,0.00
31.76,,0.00,,0.00,,0.00,32.44,29.37,33.73,30.64,,0.00,,0.00
31.74,,0.00,,0.00,,0.00,32.44,29.37,33.73,30.64,,0.00,,0.00
31.72,,0.00,,0.00,,0.00,32.42,29.37,33.73,30.64,,0.00,,0.00
31.69,,0.00,,0.00,,0.00,32.41,29.37,33.73,30.64,,0.00,,0.00
31.67,,0.00,,0.00,,0.00,32.39,29.37,33.73,30.64,,0.00,,0.00
31.65,,0.00,,0.00,,0.00,32.37,29.37,33.73,30.64,,0.00,,0.00
31.63,,0.00,,0.00,,0.00,32.35,29.37,33.73,30.64,,0.00,,0.00
31.61,,0.00,,0.00,,0.00,32.32,29.37,33.73,30.64,,0.00,,0.00
31.59,,0.00,,0.00,,0.00,32.28,29.37,33.73,30.64,,0.00,,0.00
31.58,,0.00,,0.00,,0.00,32.24,29.37,33.73,30.64,,0.00,,0.00
31.56,,0.00,,0.00,,0.00,32.18,29.37,33.72,30.64,,0.00,,0.00
31.55,,0.00,,0.00,,0.00,32.13,29.37,33.72,30.63,,0.00,,0.00
31.54,,0.00,,0.00,,0.00,32.05,29.37,33.72,30.63,,0.00,,0.00
31.52,,0.00,,0.00,,0.00,31.98,29.36,33.72,30.63,,0.00,,0.00
31.51,,0.00,,0.00,,0.00,31.90,29.36,33.72,30.63,,0.00,,0.00
31.49,,0.00,,0.00,,0.00,31.81,29.36,33.72,30.63,,0.00,,0.00
31.48,,0.00,,0.00,,0.00,31.71,29.36,33.72,30.63,,0.00,,0.00
31.47,,0.00,,0.00,,0.00,31.61,29.35,33.72,30.63,,0.00,,0.00
31.45,,0.00,,0.00,,0.00,31.51,29.35,33.72,30.63,,0.00,,0.00
31.44,,0.00,,0.00,,0.00,31.40,29.34,33.72,30.63,,0.00,,0.00
31.43,,0.00,,0.00,,0.00,31.30,29.33,33.72,30.63,,0.00,,0.00
31.41,,0.00,,0.00,,0.00,31.20,29.33,33.72,30.63,,0.00,,0.00
31.40,,0.00,,0.00,,0.00,31.11,29.31,33.72,30.63,,0.00,,0.00
31.39,,0.00,,0.00,,0.00,31.02,29.30,33.72,30.63,,0.00,,0.00
31.37,,0.00,,0.00,,0.00,30.93,29.29,33.72,30.63,,0.00,,0.00
31.36,,0.00,,0.00,,0.00,30.86,29.29,33.72,30.63,,0.00,,0.00
31.35,,0.00,,0.00,,0.00,30.80,29.28,33.72,30.63,,0.00,,0.00
31.34,,0.00,,0.00,,0.00,30.75,29.29,33.72,30.63,,0.00,,0.00
31.33,,0.00,,0.00,,0.00,30.72,29.29,33.72,30.63,,0.00,,0.00
31.32,,0.00,,0.00,,0.00,,0.00,,0.00,33.72,30.63,,0.00,,0.00
31.31,,0.00,,0.00,,0.00,,0.00,,0.00,33.72,30.63,,0.00,,0.00
31.30,,0.00,,0.00,,0.00,,0.00,,0.00,33.72,30.63,,0.00,,0.00
31.29,,0.00,,0.00,,0.00,,0.00,,0.00,33.72,30.63,,0.00,,0.00
31.28,,0.00,,0.00,,0.00,,0.00,,0.00,33.72,30.63,,0.00,,0.00
31.27,,0.00,,0.00,,0.00,,0.00,,0.00,33.72,30.63,,0.00,,0.00
,0.00,,0.00,,0.00,,0.00,,0.00,,0.00,33.72,30.63,,0.00,,0.00
,0.00,,0.00,,0.00,,0.00,,0.00,,0.00,33.72,30.63,,0.00,,0.00
,0.00,,0.00,,0.00,,0.00,,0.00,,0.00,33.72,30.63,,0.00,,0.00
,0.00,,0.00,,0.00,,0.00,,0.00,,0.00,33.72,30.63,,0.00,,0.00
,0.00,,0.00,,0.00,,0.00,,0.00,,0.00,33.72,30.63,,0.00,,0.00
,0.00,,0.00,,0.00,,0.00,,0.00,,0.00,33.72,30.63,,0.00,,0.00
,0.00,,0.00,,0.00,,0.00,,0.00,,0.00,33.72,30.63,,0.00,,0.00
,0.00,,0.00,,0.00,,0.00,,0.00,,0.00,33.72,30.63,,0.00,,0.00
,0.00,,0.00,,0.00,,0.00,,0.00,,0.00,33.72,30.63,,0.00,,0.00
,0.00,,0.00,,0.00,,0.00,,0.00,,0.00,33.72,30.63,,0.00,,0.00
,0.00,,0.00,,0.00,,0.00,,0.00,,0.00,33.72,30.63,,0.00,,0.00
,0.00,,0.00,,0.00,,0.00,,0.00,,0.00,33.72,30.63,,0.00,,0.00
,0.00,,0.00,,0.00,,0.00,,0.00,,0.00,33.72,30.63,,0.00,,0.00
,0.00,,0.00,,0.00,,0.00,,0.00,,0.00,33.72,30.63,,0.00,,0.00
,0.00,,0.00,,0.00,,0.00,,0.00,,0.00,33.72,30.63,,0.00,,0.00
,0.00,,0.00,,0.00,,0.00,,0.00,,0.00,33.72,30.63,,0.00,,0.00
,0.00,,0.00,,0.00,,0.00,,0.00,,0.00,33.72,30.63,,0.00,,0.00
,0.00,,0.00,,0.00,,0.00,,0.00,,0.00,33.72,30.63,,0.00,,0.00
,0.00,,0.00,,0.00,,0.00,,0.00,,0.00,33.72,30.63,,0.00,,0.00
,0.00,,0.00,,0.00,,0.00,,0.00,,0.00,33.72,30.63,,0.00,,0.00
,0.00,,0.00,,0.00,,0.00,,0.00,,0.00,33.72,30.63,,0.00,,0.00
,0.00,,0.00,,0.00,,0.00,,0.00,,0.00,33.72,30.63,,0.00,,0.00
,0.00,,0.00,,0.00,,0.00,,0.00,,0.00,33.72,30.63,,0.00,,0.00
,0.00,,0.00,,0.00,,0.00,,0.00,,0.00,33.72,30.63,,0.00,,0.00
,0.00,,0.00,,0.00,,0.00,,0.00,,0.00,33.72,30.63,,0.00,,0.00
,0.00,,0.00,,0.00,,0.00,,0.00,,0.00,33.72,30.63,,0.00,,0.00
,0.00,,0.00,,0.00,,0.00,,0.00,,0.00,33.72,30.63,,0.00,,0.00
,0.00,,0.00,,0.00,,0.00,,0.00,,0.00,33.72,30.63,,0.00,,0.00
,0.00,,0.00,,0.00,,0.00,,0.00,,0.00,33.72,30.63,,0.00,,0.00
,0.00,,0.00,,0.00,,0.00,,0.00,,0.00,33.72,30.63,,0.00,,0.00
,0.00,,0.00,,0.00,,0.00,,0.00,,0.00,33.72,30.63,,0.00,,0.00
,0.00,,0.00,,0.00,,0.00,,0.00,,0.00,33.72,30.63,,0.00,,0.00
,0.00,,0.00,,0.00,,0.00,,0.00,,0.00,33.72,30.63,,0.00,,0.00
,0.00,,0.00,,0.00,,0.00,,0.00,,0.00,33.72,30.63,,0.00,,0.00
,0.00,,0.00,,0.00,,0.00,,0.00,,0.00,,0.00,,0.00,,0.00,,0.00
,0.00,,0.00,,0.00,,0.00,,0.00,,0.00,,0.00,,0.00,,0.00,,0.00
,0.00,,0.00,,0.00,,0.00,,0.00,,0.00,,0.00,,0.00,,0.00,,0.00
,0.00,,0.00,,0.00,,0.00,,0.00,,0.00,,0.00,,0.00,,0.00,,0.00
,0.00,,0.00,,0.00,,0.00,,0.00,,0.00,,0.00,,0.00,,0.00,,0.00
,0.00,,0.00,,0.00,,0.00,,0.00,,0.00,,0.00,,0.00,,0.00,,0.00
,0.00,,0.00,,0.00,,0.00,,0.00,,0.00,,0.00,,0.00,,0.00,,0.00
,0.00,,0.00,,0.00,,0.00,,0.00,,0.00,,0.00,,0.00,,0.00,,0.00
,0.00,,0.00,,0.00,,0.00,,0.00,,0.00,,0.00,,0.00,,0.00,,0.00
,0.00,,0.00,,0.00,,0.00,,0.00,,0.00,,0.00,,0.00,,0.00,,0.00
,0.00,,0.00,,0.00,,0.00,,0.00,,0.00,,0.00,,0.00,,0.00,,0.00
,0.00,,0.00,,0.00,,0.00,,0.00,,0.00,,0.00,,0.00,,0.00,,0.00
,0.00,,0.00,,0.00,,0.00,,0.00,,0.00,,0.00,,0.00,,0.00,,0.00
,0.00,,0.00,,0.00,,0.00,,0.00,,0.00,,0.00,,0.00,,0.00,,0.00
,0.00,,0.00,,0.00,,0.00,,0.00,,0.00,,0.00,,0.00,,0.00,,0.00
,0.00,,0.00,,0.00,,0.00,,0.00,,0.00,,0.00,,0.00,,0.00,,0.00
,0.00,,0.00,,0.00,,0.00,,0.00,,0.00,,0.00,,0.00,,0.00,,0.00
,0.00,,0.00,,0.00,,0.00,,0.00,,0.00,,0.00,,0.00,,0.00,,0.00
,0.00,,0.00,,0.00,,0.00,,0.00,,0.00,,0.00,,0.00,,0.00,,0.00
