30.74,30.56,,0.00,28.84,30.29,29.62,30.37,29.81,30.43,29.07
30.70,30.52,,0.00,28.83,30.28,29.58,30.37,29.75,30.42,29.06
30.67,30.49,,0.00,28.83,30.28,29.54,30.38,29.73,30.41,29.05
30.64,30.46,29.71,28.83,30.27,29.50,30.38,29.70,30.41,29.05
30.63,30.43,29.71,28.82,30.27,29.47,30.38,29.67,30.40,29.04
30.62,30.39,29.70,28.82,30.26,29.43,30.38,29.65,30.39,29.03
30.61,30.36,29.70,28.82,30.26,29.40,30.38,29.62,30.39,29.03
30.60,30.33,29.69,28.82,30.26,29.37,30.38,29.60,30.38,29.02
30.59,30.32,29.69,28.82,30.25,29.34,30.38,29.59,30.37,29.02
30.58,30.31,29.68,28.82,30.25,29.31,30.38,29.57,30.36,29.01
30.57,30.30,29.67,28.82,30.25,29.29,30.38,29.55,30.36,29.01
30.56,30.29,29.67,28.82,30.25,29.27,30.38,29.54,30.35,29.00
30.55,30.28,29.66,28.82,30.25,29.25,30.38,29.52,30.34,29.00
30.54,30.27,29.66,28.82,30.25,29.23,30.38,29.52,30.34,28.99
30.53,30.26,29.65,28.82,30.25,29.21,30.38,29.49,30.33,28.98
30.52,30.25,29.65,28.82,30.24,29.19,30.38,29.47,30.32,28.98
30.51,30.24,29.64,28.82,30.24,29.18,30.38,29.46,30.32,28.97
30.50,30.23,29.63,28.82,30.24,29.17,30.38,29.44,30.31,28.97
30.49,30.22,29.63,28.82,30.24,29.15,30.38,29.43,30.30,28.97
30.48,30.21,29.62,28.82,30.24,29.14,30.38,29.41,30.29,28.96
30.47,30.20,29.62,28.82,30.24,29.13,30.38,29.40,30.29,28.96
30.46,30.19,29.61,28.82,30.24,29.12,30.38,29.39,30.28,,0.00
30.46,30.18,29.61,28.83,30.24,29.11,30.38,29.38,30.28,,0.00
30.46,30.17,29.60,28.83,30.24,29.10,30.38,29.37,30.28,,0.00
30.45,30.16,29.60,28.83,30.24,29.10,30.38,29.36,30.28,,0.00
30.45,30.15,29.59,28.83,30.24,29.09,30.38,29.35,30.28,,0.00
30.45,30.14,29.59,28.83,30.24,29.08,30.38,29.35,30.27,,0.00
30.44,30.13,29.59,28.83,30.24,29.08,30.38,29.34,30.27,,0.00
30.44,30.12,29.58,28.83,30.24,29.07,30.38,29.33,30.27,,0.00
30.44,30.11,29.58,28.84,30.24,29.06,30.38,29.33,30.27,,0.00
30.43,30.10,29.57,28.84,30.24,29.06,30.37,29.32,30.27,,0.00
30.43,30.09,29.57,28.84,30.24,29.06,30.37,29.32,30.26,,0.00
30.43,30.09,29.56,28.84,30.24,29.05,30.37,29.31,30.26,,0.00
30.42,30.08,29.56,28.84,30.24,29.05,30.37,29.31,30.26,,0.00
30.42,30.08,29.56,28.84,30.24,29.04,30.37,29.30,30.26,,0.00
30.42,30.07,29.55,28.85,30.24,29.04,30.37,29.30,30.25,,0.00
30.41,30.07,29.55,28.85,30.24,29.04,30.37,29.30,30.25,,0.00
30.41,30.06,29.54,28.85,30.24,29.04,30.37,29.29,30.25,,0.00
30.41,30.06,29.54,28.85,30.24,29.03,30.37,29.29,30.25,,0.00
30.40,30.05,29.53,28.85,30.24,29.03,30.37,29.29,30.25,,0.00
30.40,30.04,29.53,28.85,30.24,29.03,30.36,29.28,30.24,,0.00
30.40,30.04,29.53,28.86,30.24,29.03,30.36,29.28,30.24,,0.00
30.40,30.03,29.52,28.86,30.23,29.03,30.36,29.28,30.24,,0.00
30.40,30.03,29.52,28.86,30.23,29.02,30.36,29.27,30.24,,0.00
30.40,30.02,29.51,28.86,30.23,29.02,30.36,29.27,30.24,,0.00
30.40,30.02,29.51,28.86,30.23,29.02,30.35,29.27,30.24,,0.00
30.39,30.01,29.51,28.86,30.23,29.02,30.35,29.26,30.24,,0.00
30.39,30.01,29.50,28.87,30.23,29.02,30.35,29.26,30.24,,0.00
30.39,30.00,29.50,28.87,30.23,29.02,30.34,29.25,30.24,,0.00
30.39,30.00,29.49,28.87,30.23,29.02,30.34,29.25,30.24,,0.00
30.39,29.99,29.49,28.87,30.23,29.02,30.34,29.25,30.23,,0.00
30.39,29.99,29.49,28.87,30.23,29.01,30.33,29.24,30.23,,0.00
30.39,29.98,29.48,28.87,30.23,29.01,30.33,29.23,30.23,,0.00
30.38,29.98,29.48,28.88,30.23,29.01,30.32,29.23,30.23,,0.00
30.38,29.97,29.47,28.88,30.23,29.01,30.31,29.22,30.23,,0.00
30.38,29.97,29.47,28.88,30.23,29.01,30.30,29.21,30.23,,0.00
30.38,29.96,29.47,28.88,30.23,29.01,30.30,29.21,30.23,,0.00
30.38,29.96,29.46,28.88,30.23,29.01,30.29,29.20,30.23,,0.00
30.38,29.95,29.46,28.88,30.23,29.01,30.28,29.19,30.23,,0.00
30.38,29.95,29.45,28.89,30.23,29.01,30.27,29.18,30.23,,0.00
30.38,29.94,29.45,28.89,30.23,29.01,30.26,29.17,30.23,,0.00
30.37,29.94,29.45,28.89,30.23,29.01,30.24,29.16,30.22,,0.00
30.37,29.93,29.44,28.89,30.23,29.01,30.23,29.14,30.22,,0.00
30.37,29.93,29.44,28.90,30.23,29.01,30.21,29.13,30.22,,0.00
30.37,29.92,29.43,28.90,30.23,29.01,30.20,29.11,30.22,,0.00
30.37,29.92,29.43,28.90,30.23,29.01,30.18,29.10,30.22,,0.00
30.37,29.91,29.42,28.90,30.23,29.01,30.16,29.08,30.22,,0.00
30.37,29.91,29.42,28.90,30.23,29.01,30.14,29.07,30.22,,0.00
30.37,29.91,29.42,28.91,30.23,29.01,30.14,29.06,30.22,,0.00
30.37,29.90,29.41,28.91,30.23,29.01,30.13,29.05,30.22,,0.00
30.36,29.90,29.41,28.91,30.23,29.01,30.11,29.03,30.22,,0.00
30.36,29.89,29.40,28.91,30.23,29.01,30.10,29.02,30.22,,0.00
30.36,29.89,29.40,28.92,30.23,29.01,30.09,29.01,30.22,,0.00
30.36,29.88,29.40,28.92,30.23,29.01,30.08,29.00,30.22,,0.00
30.36,29.88,29.39,28.92,30.23,29.01,30.07,28.98,30.22,,0.00
30.36,29.87,29.39,28.92,30.23,29.01,30.05,28.97,30.22,,0.00
30.36,29.87,29.38,28.93,30.23,29.01,30.04,28.96,30.22,,0.00
30.36,29.86,29.38,28.93,30.23,29.01,30.03,28.95,30.22,,0.00
30.36,29.86,29.37,28.94,30.23,29.01,30.02,28.93,30.22,,0.00
30.36,29.86,29.37,28.94,30.23,29.01,30.01,28.93,30.22,,0.00
30.35,29.85,29.37,28.95,30.23,29.01,30.00,28.91,30.22,,0.00
30.35,29.85,29.36,,0.00,30.23,29.00,29.99,28.90,30.22,,0.00
30.35,29.84,29.36,,0.00,30.23,29.00,29.98,28.88,30.22,,0.00
30.35,29.84,29.35,,0.00,30.23,29.00,29.97,28.87,30.22,,0.00
30.35,29.83,29.35,,0.00,30.23,29.00,29.96,28.86,30.22,,0.00
30.35,29.83,29.34,,0.00,30.23,29.00,29.95,28.85,30.22,,0.00
30.35,29.83,29.34,,0.00,30.23,29.00,29.94,28.84,30.22,,0.00
30.35,29.82,29.34,,0.00,30.23,29.00,29.94,28.82,30.22,,0.00
30.35,29.82,29.33,,0.00,30.23,29.00,29.93,28.81,30.22,,0.00
30.35,29.81,29.33,,0.00,30.23,29.00,29.92,28.81,30.22,,0.00
30.35,29.81,29.33,,0.00,30.23,29.00,29.92,28.80,30.22,,0.00
30.34,29.80,29.32,,0.00,30.23,29.00,29.91,28.79,30.23,,0.00
30.34,29.80,29.32,,0.00,30.23,29.00,29.91,28.78,30.23,,0.00
30.34,29.80,29.32,,0.00,30.23,29.00,29.90,28.77,30.23,,0.00
30.34,29.79,29.31,,0.00,30.23,29.00,29.90,28.77,30.23,,0.00
30.34,29.79,29.31,,0.00,30.23,29.00,29.89,28.76,30.23,,0.00
30.34,29.78,29.30,,0.00,30.23,29.00,29.89,28.76,30.23,,0.00
30.34,29.78,29.30,,0.00,30.23,29.00,29.89,28.75,30.23,,0.00
30.34,29.78,29.30,,0.00,30.23,29.00,29.88,28.75,30.23,,0.00
30.34,29.77,29.30,,0.00,30.23,29.00,29.88,28.75,30.23,,0.00
30.34,29.77,29.30,,0.00,30.23,29.00,29.88,28.74,30.23,,0.00
30.34,,0.00,,0.00,,0.00,30.23,29.00,29.88,28.74,,0.00,,0.00
30.34,,0.00,,0.00,,0.00,30.23,29.00,29.88,28.74,,0.00,,0.00
30.33,,0.00,,0.00,,0.00,30.23,29.00,29.87,28.74,,0.00,,0.00
30.33,,0.00,,0.00,,0.00,30.23,29.00,29.87,28.73,,0.00,,0.00
30.33,,0.00,,0.00,,0.00,30.23,29.00,29.87,28.73,,0.00,,0.00
30.33,,0.00,,0.00,,0.00,30.23,29.00,29.87,28.73,,0.00,,0.00
30.33,,0.00,,0.00,,0.00,30.23,29.00,29.87,28.73,,0.00,,0.00
30.33,,0.00,,0.00,,0.00,30.23,29.00,29.87,28.73,,0.00,,0.00
30.33,,0.00,,0.00,,0.00,30.22,29.00,29.87,28.73,,0.00,,0.00
30.33,,0.00,,0.00,,0.00,30.22,29.00,29.87,28.72,,0.00,,0.00
30.33,,0.00,,0.00,,0.00,30.22,29.00,29.87,28.72,,0.00,,0.00
30.33,,0.00,,0.00,,0.00,30.22,29.00,29.87,28.72,,0.00,,0.00
30.33,,0.00,,0.00,,0.00,30.22,29.00,29.87,28.72,,0.00,,0.00
30.33,,0.00,,0.00,,0.00,30.21,29.00,29.87,28.72,,0.00,,0.00
30.33,,0.00,,0.00,,0.00,30.21,29.00,29.87,28.72,,0.00,,0.00
30.33,,0.00,,0.00,,0.00,30.21,29.00,29.86,28.72,,0.00,,0.00
30.32,,0.00,,0.00,,0.00,30.21,29.00,29.86,28.72,,0.00,,0.00
30.32,,0.00,,0.00,,0.00,30.20,29.00,29.86,28.72,,0.00,,0.00
30.32,,0.00,,0.00,,0.00,30.20,29.00,29.86,28.72,,0.00,,0.00
30.32,,0.00,,0.00,,0.00,30.19,29.00,29.86,28.72,,0.00,,0.00
30.32,,0.00,,0.00,,0.00,30.19,29.00,29.86,28.72,,0.00,,0.00
30.32,,0.00,,0.00,,0.00,30.18,29.00,29.86,28.72,,0.00,,0.00
30.32,,0.00,,0.00,,0.00,30.17,29.00,29.86,28.72,,0.00,,0.00
30.32,,0.00,,0.00,,0.00,30.16,29.00,29.86,28.72,,0.00,,0.00
30.32,,0.00,,0.00,,0.00,30.15,29.00,29.86,28.72,,0.00,,0.00
30.32,,0.00,,0.00,,0.00,30.14,29.00,29.86,28.72,,0.00,,0.00
30.32,,0.00,,0.00,,0.00,30.13,29.00,29.86,28.72,,0.00,,0.00
30.32,,0.00,,0.00,,0.00,30.12,29.00,29.86,28.72,,0.00,,0.00
30.32,,0.00,,0.00,,0.00,30.11,29.00,29.86,28.72,,0.00,,0.00
30.32,,0.00,,0.00,,0.00,30.09,29.00,29.86,28.72,,0.00,,0.00
30.32,,0.00,,0.00,,0.00,30.08,29.00,29.86,28.72,,0.00,,0.00
30.32,,0.00,,0.00,,0.00,30.06,29.00,29.86,28.72,,0.00,,0.00
30.32,,0.00,,0.00,,0.00,30.04,29.00,29.86,28.72,,0.00,,0.00
30.32,,0.00,,0.00,,0.00,30.02,29.00,29.86,28.72,,0.00,,0.00
30.32,,0.00,,0.00,,0.00,30.00,29.00,29.86,28.72,,0.00,,0.00
30.32,,0.00,,0.00,,0.00,29.98,29.00,29.86,28.72,,0.00,,0.00
30.32,,0.00,,0.00,,0.00,29.96,29.00,29.86,28.72,,0.00,,0.00
30.33,,0.00,,0.00,,0.00,29.93,29.00,29.86,28.72,,0.00,,0.00
30.33,,0.00,,0.00,,0.00,29.91,29.00,29.86,28.72,,0.00,,0.00
30.33,,0.00,,0.00,,0.00,29.88,29.00,29.86,28.72,,0.00,,0.00
30.33,,0.00,,0.00,,0.00,,0.00,,0.00,29.86,28.72,,0.00,,0.00
30.33,,0.00,,0.00,,0.00,,0.00,,0.00,29.86,28.71,,0.00,,0.00
30.33,,0.00,,0.00,,0.00,,0.00,,0.00,29.86,28.71,,0.00,,0.00
30.33,,0.00,,0.00,,0.00,,0.00,,0.00,29.86,28.71,,0.00,,0.00
30.33,,0.00,,0.00,,0.00,,0.00,,0.00,29.86,28.71,,0.00,,0.00
30.33,,0.00,,0.00,,0.00,,0.00,,0.00,29.86,28.71,,0.00,,0.00
,0.00,,0.00,,0.00,,0.00,,0.00,,0.00,29.86,28.71,,0.00,,0.00
,0.00,,0.00,,0.00,,0.00,,0.00,,0.00,29.86,28.71,,0.00,,0.00
,0.00,,0.00,,0.00,,0.00,,0.00,,0.00,29.86,28.71,,0.00,,0.00
,0.00,,0.00,,0.00,,0.00,,0.00,,0.00,29.86,28.71,,0.00,,0.00
,0.00,,0.00,,0.00,,0.00,,0.00,,0.00,29.86,28.71,,0.00,,0.00
,0.00,,0.00,,0.00,,0.00,,0.00,,0.00,29.86,28.71,,0.00,,0.00
,0.00,,0.00,,0.00,,0.00,,0.00,,0.00,29.86,28.71,,0.00,,0.00
,0.00,,0.00,,0.00,,0.00,,0.00,,0.00,29.86,28.71,,0.00,,0.00
,0.00,,0.00,,0.00,,0.00,,0.00,,0.00,29.86,28.71,,0.00,,0.00
,0.00,,0.00,,0.00,,0.00,,0.00,,0.00,29.86,28.71,,0.00,,0.00
,0.00,,0.00,,0.00,,0.00,,0.00,,0.00,29.86,28.71,,0.00,,0.00
,0.00,,0.00,,0.00,,0.00,,0.00,,0.00,29.86,28.71,,0.00,,0.00
,0.00,,0.00,,0.00,,0.00,,0.00,,0.00,29.86,28.71,,0.00,,0.00
,0.00,,0.00,,0.00,,0.00,,0.00,,0.00,29.86,28.71,,0.00,,0.00
,0.00,,0.00,,0.00,,0.00,,0.00,,0.00,29.86,28.71,,0.00,,0.00
,0.00,,0.00,,0.00,,0.00,,0.00,,0.00,29.86,28.71,,0.00,,0.00
,0.00,,0.00,,0.00,,0.00,,0.00,,0.00,29.86,28.71,,0.00,,0.00
,0.00,,0.00,,0.00,,0.00,,0.00,,0.00,29.86,28.71,,0.00,,0.00
,0.00,,0.00,,0.00,,0.00,,0.00,,0.00,29.86,28.71,,0.00,,0.00
,0.00,,0.00,,0.00,,0.00,,0.00,,0.00,29.86,28.71,,0.00,,0.00
,0.00,,0.00,,0.00,,0.00,,0.00,,0.00,29.86,28.71,,0.00,,0.00
,0.00,,0.00,,0.00,,0.00,,0.00,,0.00,29.86,28.71,,0.00,,0.00
,0.00,,0.00,,0.00,,0.00,,0.00,,0.00,29.86,28.71,,0.00,,0.00
,0.00,,0.00,,0.00,,0.00,,0.00,,0.00,29.86,28.71,,0.00,,0.00
,0.00,,0.00,,0.00,,0.00,,0.00,,0.00,29.86,28.71,,0.00,,0.00
,0.00,,0.00,,0.00,,0.00,,0.00,,0.00,29.86,28.71,,0.00,,0.00
,0.00,,0.00,,0.00,,0.00,,0.00,,0.00,29.86,28.71,,0.00,,0.00
,0.00,,0.00,,0.00,,0.00,,0.00,,0.00,29.86,28.71,,0.00,,0.00
,0.00,,0.00,,0.00,,0.00,,0.00,,0.00,29.86,28.71,,0.00,,0.00
,0.00,,0.00,,0.00,,0.00,,0.00,,0.00,29.86,28.71,,0.00,,0.00
,0.00,,0.00,,0.00,,0.00,,0.00,,0.00,29.86,28.71,,0.00,,0.00
,0.00,,0.00,,0.00,,0.00,,0.00,,0.00,29.86,28.71,,0.00,,0.00
,0.00,,0.00,,0.00,,0.00,,0.00,,0.00,29.86,28.71,,0.00,,0.00
,0.00,,0.00,,0.00,,0.00,,0.00,,0.00,29.86,28.71,,0.00,,0.00
,0.00,,0.00,,0.00,,0.00,,0.00,,0.00,,0.00,,0.00,,0.00,,0.00
,0.00,,0.00,,0.00,,0.00,,0.00,,0.00,,0.00,,0.00,,0.00,,0.00
,0.00,,0.00,,0.00,,0.00,,0.00,,0.00,,0.00,,0.00,,0.00,,0.00
,0.00,,0.00,,0.00,,0.00,,0.00,,0.00,,0.00,,0.00,,0.00,,0.00
,0.00,,0.00,,0.00,,0.00,,0.00,,0.00,,0.00,,0.00,,0.00,,0.00
,0.00,,0.00,,0.00,,0.00,,0.00,,0.00,,0.00,,0.00,,0.00,,0.00
,0.00,,0.00,,0.00,,0.00,,0.00,,0.00,,0.00,,0.00,,0.00,,0.00
,0.00,,0.00,,0.00,,0.00,,0.00,,0.00,,0.00,,0.00,,0.00,,0.00
,0.00,,0.00,,0.00,,0.00,,0.00,,0.00,,0.00,,0.00,,0.00,,0.00
,0.00,,0.00,,0.00,,0.00,,0.00,,0.00,,0.00,,0.00,,0.00,,0.00
,0.00,,0.00,,0.00,,0.00,,0.00,,0.00,,0.00,,0.00,,0.00,,0.00
,0.00,,0.00,,0.00,,0.00,,0.00,,0.00,,0.00,,0.00,,0.00,,0.00
,0.00,,0.00,,0.00,,0.00,,0.00,,0.00,,0.00,,0.00,,0.00,,0.00
,0.00,,0.00,,0.00,,0.00,,0.00,,0.00,,0.00,,0.00,,0.00,,0.00
,0.00,,0.00,,0.00,,0.00,,0.00,,0.00,,0.00,,0.00,,0.00,,0.00
,0.00,,0.00,,0.00,,0.00,,0.00,,0.00,,0.00,,0.00,,0.00,,0.00
,0.00,,0.00,,0.00,,0.00,,0.00,,0.00,,0.00,,0.00,,0.00,,0.00
,0.00,,0.00,,0.00,,0.00,,0.00,,0.00,,0.00,,0.00,,0.00,,0.00
,0.00,,0.00,,0.00,,0.00,,0.00,,0.00,,0.00,,0.00,,0.00,,0.00
