31.70,31.58,,0.00,28.91,30.29,29.63,30.47,29.87,31.25,29.08
31.60,31.49,,0.00,28.91,30.29,29.59,30.45,29.78,31.21,29.08
31.50,31.39,,0.00,28.90,30.28,29.55,30.44,29.75,31.17,29.07
31.42,31.30,29.75,28.90,30.28,29.52,30.42,29.71,31.14,29.06
31.38,31.20,29.74,28.89,30.27,29.48,30.42,29.68,31.10,29.06
31.34,31.11,29.73,28.88,30.27,29.45,30.41,29.65,31.07,29.05
31.30,31.02,29.73,28.88,30.27,29.42,30.41,29.63,31.03,29.04
31.27,30.93,29.72,28.88,30.27,29.39,30.41,29.61,30.99,29.04
31.23,30.90,29.72,28.87,30.27,29.36,30.41,29.59,30.96,29.03
31.19,30.87,29.71,28.87,30.27,29.33,30.41,29.57,30.92,29.03
31.15,30.84,29.70,28.87,30.27,29.31,30.42,29.56,30.89,29.02
31.11,30.82,29.70,28.87,30.28,29.29,30.42,29.54,30.85,29.02
31.07,30.79,29.69,28.87,30.28,29.27,30.43,29.53,30.81,29.02
31.03,30.76,29.68,28.86,30.28,29.25,30.43,29.52,30.78,29.01
30.99,30.73,29.68,28.86,30.28,29.23,30.42,29.50,30.74,29.01
30.95,30.70,29.67,28.86,30.28,29.21,30.42,29.48,30.71,29.00
30.92,30.67,29.66,28.86,30.29,29.20,30.41,29.46,30.67,29.00
30.88,30.64,29.66,28.86,30.29,29.18,30.41,29.45,30.63,29.00
30.84,30.61,29.65,28.85,30.29,29.17,30.42,29.43,30.60,29.00
30.80,30.58,29.64,28.85,30.29,29.16,30.42,29.42,30.56,29.00
30.76,30.56,29.64,28.85,30.29,29.15,30.42,29.41,30.53,29.00
30.73,30.53,29.63,28.85,30.28,29.14,30.42,29.40,30.52,,0.00
30.72,30.50,29.62,28.85,30.28,29.13,30.42,29.39,30.50,,0.00
30.71,30.47,29.62,28.85,30.28,29.12,30.42,29.38,30.49,,0.00
30.69,30.44,29.61,28.85,30.28,29.11,30.42,29.37,30.48,,0.00
30.68,30.41,29.61,28.85,30.28,29.11,30.41,29.36,30.47,,0.00
30.67,30.38,29.60,28.85,30.28,29.10,30.41,29.35,30.46,,0.00
30.65,30.35,29.60,28.85,30.28,29.09,30.41,29.35,30.45,,0.00
30.64,30.32,29.59,28.85,30.28,29.09,30.41,29.34,30.44,,0.00
30.62,30.29,29.59,28.85,30.28,29.08,30.41,29.33,30.43,,0.00
30.61,30.27,29.58,28.85,30.28,29.08,30.41,29.33,30.42,,0.00
30.60,30.24,29.58,28.85,30.28,29.07,30.41,29.32,30.41,,0.00
30.58,30.23,29.57,28.85,30.28,29.07,30.41,29.32,30.40,,0.00
30.57,30.22,29.57,28.85,30.28,29.07,30.41,29.32,30.39,,0.00
30.56,30.21,29.56,28.86,30.28,29.06,30.41,29.31,30.38,,0.00
30.54,30.20,29.56,28.86,30.28,29.06,30.41,29.31,30.36,,0.00
30.53,30.19,29.55,28.86,30.28,29.06,30.41,29.30,30.35,,0.00
30.52,30.18,29.55,28.86,30.28,29.05,30.41,29.30,30.34,,0.00
30.50,30.17,29.55,28.86,30.28,29.05,30.40,29.30,30.33,,0.00
30.49,30.16,29.54,28.86,30.28,29.05,30.40,29.29,30.32,,0.00
30.49,30.15,29.54,28.86,30.28,29.05,30.40,29.29,30.31,,0.00
30.48,30.14,29.53,28.87,30.28,29.05,30.40,29.29,30.31,,0.00
30.48,30.13,29.53,28.87,30.28,29.04,30.40,29.28,30.30,,0.00
30.47,30.12,29.52,28.87,30.28,29.04,30.40,29.28,30.30,,0.00
30.47,30.11,29.52,28.87,30.28,29.04,30.39,29.28,30.30,,0.00
30.46,30.10,29.52,28.87,30.28,29.04,30.39,29.27,30.30,,0.00
30.46,30.09,29.51,28.87,30.28,29.04,30.39,29.27,30.29,,0.00
30.45,30.08,29.51,28.88,30.28,29.04,30.38,29.27,30.29,,0.00
30.45,30.07,29.50,28.88,30.28,29.04,30.38,29.26,30.29,,0.00
30.44,30.06,29.50,28.88,30.28,29.03,30.38,29.26,30.28,,0.00
30.44,30.05,29.49,28.88,30.28,29.03,30.37,29.25,30.28,,0.00
30.43,30.04,29.49,28.89,30.28,29.03,30.37,29.25,30.28,,0.00
30.43,30.03,29.49,28.89,30.28,29.03,30.36,29.24,30.27,,0.00
30.42,30.02,29.48,28.89,30.28,29.03,30.36,29.24,30.27,,0.00
30.42,30.01,29.48,28.89,30.28,29.03,30.35,29.23,30.27,,0.00
30.42,30.00,29.47,28.90,30.28,29.03,30.34,29.22,30.26,,0.00
30.41,30.00,29.47,28.90,30.28,29.03,30.33,29.21,30.26,,0.00
30.41,29.99,29.47,28.90,30.28,29.03,30.32,29.20,30.26,,0.00
30.40,29.99,29.46,28.91,30.28,29.03,30.31,29.20,30.26,,0.00
30.40,29.98,29.46,28.91,30.28,29.03,30.30,29.18,30.25,,0.00
30.40,29.97,29.45,28.91,30.28,29.03,30.29,29.17,30.25,,0.00
30.40,29.97,29.45,28.92,30.28,29.03,30.28,29.16,30.25,,0.00
30.40,29.96,29.45,28.93,30.28,29.03,30.27,29.15,30.25,,0.00
30.39,29.96,29.44,28.93,30.28,29.03,30.25,29.13,30.25,,0.00
30.39,29.95,29.44,28.94,30.28,29.03,30.24,29.12,30.25,,0.00
30.39,29.95,29.43,28.95,30.28,29.03,30.22,29.10,30.25,,0.00
30.39,29.94,29.43,28.96,30.28,29.03,30.20,29.09,30.25,,0.00
30.39,29.94,29.43,28.96,30.28,29.03,30.19,29.08,30.25,,0.00
30.38,29.93,29.42,28.97,30.28,29.03,30.19,29.07,30.25,,0.00
30.38,29.93,29.42,28.98,30.28,29.02,30.17,29.05,30.25,,0.00
30.38,29.92,29.42,28.99,30.28,29.02,30.15,29.04,30.24,,0.00
30.38,29.91,29.41,28.99,30.28,29.02,30.13,29.03,30.24,,0.00
30.38,29.91,29.41,29.00,30.28,29.02,30.12,29.01,30.24,,0.00
30.37,29.90,29.41,29.01,30.28,29.02,30.11,29.00,30.24,,0.00
30.37,29.90,29.40,29.02,30.28,29.02,30.10,28.99,30.24,,0.00
30.37,29.89,29.40,29.02,30.28,29.02,30.09,28.98,30.24,,0.00
30.37,29.89,29.40,29.04,30.28,29.02,30.08,28.96,30.24,,0.00
30.37,29.89,29.40,29.07,30.28,29.02,30.07,28.95,30.24,,0.00
30.37,29.88,29.40,29.09,30.28,29.02,30.07,28.94,30.24,,0.00
30.37,29.88,29.39,29.12,30.28,29.02,30.06,28.93,30.24,,0.00
30.36,29.87,29.39,29.15,30.28,29.02,30.04,28.92,30.24,,0.00
30.36,29.87,29.39,,0.00,30.28,29.02,30.03,28.90,30.24,,0.00
30.36,29.87,29.39,,0.00,30.28,29.02,30.03,28.89,30.24,,0.00
30.36,29.86,29.39,,0.00,30.28,29.02,30.02,28.88,30.24,,0.00
30.36,29.86,29.38,,0.00,30.28,29.02,30.00,28.87,30.25,,0.00
30.36,29.86,29.38,,0.00,30.28,29.02,30.00,28.86,30.25,,0.00
30.36,29.85,29.38,,0.00,30.28,29.02,29.99,28.85,30.25,,0.00
30.36,29.85,29.38,,0.00,30.28,29.02,29.98,28.84,30.25,,0.00
30.36,29.84,29.39,,0.00,30.28,29.02,29.98,28.83,30.25,,0.00
30.36,29.84,29.39,,0.00,30.28,29.02,29.97,28.82,30.25,,0.00
30.35,29.84,29.40,,0.00,30.28,29.02,29.97,28.81,30.25,,0.00
30.35,29.83,29.40,,0.00,30.28,29.02,29.96,28.81,30.26,,0.00
30.35,29.83,29.41,,0.00,30.28,29.02,29.96,28.80,30.26,,0.00
30.35,29.83,29.41,,0.00,30.28,29.02,29.95,28.79,30.26,,0.00
30.35,29.82,29.42,,0.00,30.28,29.02,29.95,28.79,30.26,,0.00
30.35,29.82,29.42,,0.00,30.28,29.02,29.94,28.78,30.26,,0.00
30.35,29.82,29.43,,0.00,30.28,29.02,29.94,28.78,30.26,,0.00
30.35,29.81,29.43,,0.00,30.28,29.02,29.94,28.77,30.26,,0.00
30.35,29.81,29.43,,0.00,30.28,29.02,29.93,28.77,30.27,,0.00
30.35,29.81,29.45,,0.00,30.28,29.02,29.93,28.76,30.27,,0.00
30.35,29.81,29.48,,0.00,30.28,29.02,29.93,28.76,30.27,,0.00
30.35,,0.00,,0.00,,0.00,30.28,29.02,29.93,28.76,,0.00,,0.00
30.35,,0.00,,0.00,,0.00,30.28,29.02,29.93,28.76,,0.00,,0.00
30.35,,0.00,,0.00,,0.00,30.28,29.02,29.93,28.75,,0.00,,0.00
30.35,,0.00,,0.00,,0.00,30.27,29.02,29.92,28.75,,0.00,,0.00
30.35,,0.00,,0.00,,0.00,30.27,29.02,29.92,28.75,,0.00,,0.00
30.35,,0.00,,0.00,,0.00,30.27,29.02,29.92,28.75,,0.00,,0.00
30.35,,0.00,,0.00,,0.00,30.27,29.02,29.92,28.75,,0.00,,0.00
30.35,,0.00,,0.00,,0.00,30.27,29.02,29.92,28.75,,0.00,,0.00
30.35,,0.00,,0.00,,0.00,30.27,29.02,29.92,28.74,,0.00,,0.00
30.34,,0.00,,0.00,,0.00,30.27,29.02,29.92,28.74,,0.00,,0.00
30.34,,0.00,,0.00,,0.00,30.27,29.02,29.92,28.74,,0.00,,0.00
30.34,,0.00,,0.00,,0.00,30.26,29.02,29.92,28.74,,0.00,,0.00
30.34,,0.00,,0.00,,0.00,30.26,29.02,29.92,28.74,,0.00,,0.00
30.34,,0.00,,0.00,,0.00,30.26,29.02,29.92,28.74,,0.00,,0.00
30.34,,0.00,,0.00,,0.00,30.26,29.02,29.92,28.74,,0.00,,0.00
30.34,,0.00,,0.00,,0.00,30.25,29.02,29.92,28.74,,0.00,,0.00
30.34,,0.00,,0.00,,0.00,30.25,29.02,29.92,28.74,,0.00,,0.00
30.34,,0.00,,0.00,,0.00,30.25,29.02,29.92,28.74,,0.00,,0.00
30.34,,0.00,,0.00,,0.00,30.24,29.02,29.92,28.74,,0.00,,0.00
30.34,,0.00,,0.00,,0.00,30.24,29.02,29.92,28.74,,0.00,,0.00
30.34,,0.00,,0.00,,0.00,30.23,29.02,29.91,28.74,,0.00,,0.00
30.34,,0.00,,0.00,,0.00,30.22,29.02,29.91,28.74,,0.00,,0.00
30.34,,0.00,,0.00,,0.00,30.21,29.02,29.91,28.74,,0.00,,0.00
30.35,,0.00,,0.00,,0.00,30.20,29.02,29.91,28.74,,0.00,,0.00
30.35,,0.00,,0.00,,0.00,30.19,29.02,29.91,28.74,,0.00,,0.00
30.35,,0.00,,0.00,,0.00,30.18,29.02,29.91,28.74,,0.00,,0.00
30.35,,0.00,,0.00,,0.00,30.16,29.02,29.91,28.73,,0.00,,0.00
30.35,,0.00,,0.00,,0.00,30.14,29.02,29.91,28.73,,0.00,,0.00
30.35,,0.00,,0.00,,0.00,30.13,29.02,29.91,28.73,,0.00,,0.00
30.35,,0.00,,0.00,,0.00,30.11,29.02,29.91,28.73,,0.00,,0.00
30.35,,0.00,,0.00,,0.00,30.09,29.02,29.91,28.73,,0.00,,0.00
30.35,,0.00,,0.00,,0.00,30.07,29.02,29.91,28.73,,0.00,,0.00
30.35,,0.00,,0.00,,0.00,30.05,29.02,29.91,28.73,,0.00,,0.00
30.35,,0.00,,0.00,,0.00,30.03,29.02,29.91,28.73,,0.00,,0.00
30.35,,0.00,,0.00,,0.00,30.01,29.01,29.91,28.73,,0.00,,0.00
30.35,,0.00,,0.00,,0.00,29.98,29.01,29.91,28.73,,0.00,,0.00
30.35,,0.00,,0.00,,0.00,29.96,29.01,29.91,28.73,,0.00,,0.00
30.36,,0.00,,0.00,,0.00,29.94,29.01,29.91,28.73,,0.00,,0.00
30.36,,0.00,,0.00,,0.00,29.91,29.00,29.91,28.73,,0.00,,0.00
30.36,,0.00,,0.00,,0.00,29.89,29.00,29.91,28.73,,0.00,,0.00
30.36,,0.00,,0.00,,0.00,,0.00,,0.00,29.91,28.73,,0.00,,0.00
30.36,,0.00,,0.00,,0.00,,0.00,,0.00,29.91,28.73,,0.00,,0.00
30.36,,0.00,,0.00,,0.00,,0.00,,0.00,29.91,28.73,,0.00,,0.00
30.36,,0.00,,0.00,,0.00,,0.00,,0.00,29.91,28.73,,0.00,,0.00
30.36,,0.00,,0.00,,0.00,,0.00,,0.00,29.91,28.73,,0.00,,0.00
30.36,,0.00,,0.00,,0.00,,0.00,,0.00,29.91,28.73,,0.00,,0.00
,0.00,,0.00,,0.00,,0.00,,0.00,,0.00,29.91,28.73,,0.00,,0.00
,0.00,,0.00,,0.00,,0.00,,0.00,,0.00,29.91,28.73,,0.00,,0.00
,0.00,,0.00,,0.00,,0.00,,0.00,,0.00,29.91,28.73,,0.00,,0.00
,0.00,,0.00,,0.00,,0.00,,0.00,,0.00,29.91,28.73,,0.00,,0.00
,0.00,,0.00,,0.00,,0.00,,0.00,,0.00,29.91,28.73,,0.00,,0.00
,0.00,,0.00,,0.00,,0.00,,0.00,,0.00,29.91,28.73,,0.00,,0.00
,0.00,,0.00,,0.00,,0.00,,0.00,,0.00,29.91,28.73,,0.00,,0.00
,0.00,,0.00,,0.00,,0.00,,0.00,,0.00,29.91,28.73,,0.00,,0.00
,0.00,,0.00,,0.00,,0.00,,0.00,,0.00,29.91,28.73,,0.00,,0.00
,0.00,,0.00,,0.00,,0.00,,0.00,,0.00,29.91,28.73,,0.00,,0.00
,0.00,,0.00,,0.00,,0.00,,0.00,,0.00,29.91,28.73,,0.00,,0.00
,0.00,,0.00,,0.00,,0.00,,0.00,,0.00,29.91,28.73,,0.00,,0.00
,0.00,,0.00,,0.00,,0.00,,0.00,,0.00,29.91,28.73,,0.00,,0.00
,0.00,,0.00,,0.00,,0.00,,0.00,,0.00,29.91,28.73,,0.00,,0.00
,0.00,,0.00,,0.00,,0.00,,0.00,,0.00,29.91,28.73,,0.00,,0.00
,0.00,,0.00,,0.00,,0.00,,0.00,,0.00,29.91,28.73,,0.00,,0.00
,0.00,,0.00,,0.00,,0.00,,0.00,,0.00,29.91,28.73,,0.00,,0.00
,0.00,,0.00,,0.00,,0.00,,0.00,,0.00,29.91,28.73,,0.00,,0.00
,0.00,,0.00,,0.00,,0.00,,0.00,,0.00,29.91,28.73,,0.00,,0.00
,0.00,,0.00,,0.00,,0.00,,0.00,,0.00,29.91,28.73,,0.00,,0.00
,0.00,,0.00,,0.00,,0.00,,0.00,,0.00,29.91,28.73,,0.00,,0.00
,0.00,,0.00,,0.00,,0.00,,0.00,,0.00,29.91,28.73,,0.00,,0.00
,0.00,,0.00,,0.00,,0.00,,0.00,,0.00,29.91,28.73,,0.00,,0.00
,0.00,,0.00,,0.00,,0.00,,0.00,,0.00,29.91,28.73,,0.00,,0.00
,0.00,,0.00,,0.00,,0.00,,0.00,,0.00,29.91,28.73,,0.00,,0.00
,0.00,,0.00,,0.00,,0.00,,0.00,,0.00,29.91,28.73,,0.00,,0.00
,0.00,,0.00,,0.00,,0.00,,0.00,,0.00,29.91,28.73,,0.00,,0.00
,0.00,,0.00,,0.00,,0.00,,0.00,,0.00,29.91,28.73,,0.00,,0.00
,0.00,,0.00,,0.00,,0.00,,0.00,,0.00,29.91,28.73,,0.00,,0.00
,0.00,,0.00,,0.00,,0.00,,0.00,,0.00,29.91,28.73,,0.00,,0.00
,0.00,,0.00,,0.00,,0.00,,0.00,,0.00,29.91,28.73,,0.00,,0.00
,0.00,,0.00,,0.00,,0.00,,0.00,,0.00,29.91,28.73,,0.00,,0.00
,0.00,,0.00,,0.00,,0.00,,0.00,,0.00,29.91,28.73,,0.00,,0.00
,0.00,,0.00,,0.00,,0.00,,0.00,,0.00,29.91,28.73,,0.00,,0.00
,0.00,,0.00,,0.00,,0.00,,0.00,,0.00,,0.00,,0.00,,0.00,,0.00
,0.00,,0.00,,0.00,,0.00,,0.00,,0.00,,0.00,,0.00,,0.00,,0.00
,0.00,,0.00,,0.00,,0.00,,0.00,,0.00,,0.00,,0.00,,0.00,,0.00
,0.00,,0.00,,0.00,,0.00,,0.00,,0.00,,0.00,,0.00,,0.00,,0.00
,0.00,,0.00,,0.00,,0.00,,0.00,,0.00,,0.00,,0.00,,0.00,,0.00
,0.00,,0.00,,0.00,,0.00,,0.00,,0.00,,0.00,,0.00,,0.00,,0.00
,0.00,,0.00,,0.00,,0.00,,0.00,,0.00,,0.00,,0.00,,0.00,,0.00
,0.00,,0.00,,0.00,,0.00,,0.00,,0.00,,0.00,,0.00,,0.00,,0.00
,0.00,,0.00,,0.00,,0.00,,0.00,,0.00,,0.00,,0.00,,0.00,,0.00
,0.00,,0.00,,0.00,,0.00,,0.00,,0.00,,0.00,,0.00,,0.00,,0.00
,0.00,,0.00,,0.00,,0.00,,0.00,,0.00,,0.00,,0.00,,0.00,,0.00
,0.00,,0.00,,0.00,,0.00,,0.00,,0.00,,0.00,,0.00,,0.00,,0.00
,0.00,,0.00,,0.00,,0.00,,0.00,,0.00,,0.00,,0.00,,0.00,,0.00
,0.00,,0.00,,0.00,,0.00,,0.00,,0.00,,0.00,,0.00,,0.00,,0.00
,0.00,,0.00,,0.00,,0.00,,0.00,,0.00,,0.00,,0.00,,0.00,,0.00
,0.00,,0.00,,0.00,,0.00,,0.00,,0.00,,0.00,,0.00,,0.00,,0.00
,0.00,,0.00,,0.00,,0.00,,0.00,,0.00,,0.00,,0.00,,0.00,,0.00
,0.00,,0.00,,0.00,,0.00,,0.00,,0.00,,0.00,,0.00,,0.00,,0.00
,0.00,,0.00,,0.00,,0.00,,0.00,,0.00,,0.00,,0.00,,0.00,,0.00
